year male_ratio
2000 0.5141737369461264
2001 0.5133146886120844
2002 0.5137907276044217
2003 0.5132884185794003
2004 0.5127831381598079
2005 0.5129568106312292
2006 0.5129059536513177
2007 0.5137068758269729
2008 0.5127708595287933
2009 0.5130612427993076
2010 0.5140860912625256
2011 0.5122453504782515
2012 0.5126924352507443
2013 0.5123793839099569
2014 0.5137179917677104
2015 0.5125357827866774
2016 0.5137028494477315
2017 0.5120541650020187
2018 0.5126861933797909
2019 0.5124942356967266
2020 0.5122443761261127
