Age 2000 2001 2002 2003 2004 2005 2006 2007 2008 2009 2010 2011 2012 2013 2014 2015 2016 2017 2018 2019 2020
15 0.00033 0.00038 0.00046 0.00045 0.00039 0.00036 0.00038 0.00036 0.00036 0.00039 0.00038 0.00042 0.00041 0.00041 0.00041 0.00034 0.00033 0.00028 0.00026 0.00024 0.00022
16 0.00132 0.00155 0.00169 0.0016 0.00151 0.00132 0.00131 0.00124 0.00132 0.00137 0.00122 0.00129 0.00139 0.00131 0.00124 0.00104 0.00099 0.00081 0.00084 0.00072 0.00055
17 0.00384 0.00418 0.00436 0.00396 0.00374 0.00344 0.00371 0.0034 0.00368 0.00354 0.00313 0.00321 0.00325 0.00325 0.00332 0.00303 0.00248 0.00225 0.002 0.00191 0.00172
18 0.00732 0.00755 0.00781 0.00741 0.00738 0.00666 0.00662 0.00667 0.00697 0.00664 0.00611 0.00596 0.00569 0.006 0.00598 0.00555 0.00493 0.0043 0.00384 0.00346 0.00324
19 0.01411 0.01522 0.01549 0.01455 0.01454 0.01354 0.01297 0.0129 0.01327 0.01296 0.01237 0.01183 0.01112 0.01112 0.01142 0.0106 0.01029 0.00939 0.00835 0.00736 0.00661
20 0.02161 0.0225 0.0228 0.02192 0.02134 0.02072 0.02086 0.02032 0.0202 0.01985 0.01943 0.01855 0.01743 0.01691 0.01665 0.01658 0.01583 0.01475 0.01381 0.0122 0.01098
21 0.03025 0.02995 0.0308 0.02948 0.02938 0.02865 0.02902 0.02822 0.02836 0.02704 0.02715 0.02589 0.02428 0.02362 0.02278 0.02244 0.0224 0.02109 0.02029 0.01816 0.01639
22 0.03732 0.03851 0.03812 0.0366 0.03618 0.03605 0.03691 0.03571 0.03599 0.03399 0.03363 0.03261 0.03079 0.02972 0.02837 0.02795 0.02769 0.02647 0.02566 0.02373 0.0216
23 0.04696 0.04794 0.04759 0.04513 0.04466 0.04361 0.04465 0.04459 0.0449 0.04345 0.04283 0.04126 0.03891 0.03771 0.03573 0.03547 0.03445 0.03306 0.03211 0.0308 0.02884
24 0.06033 0.05916 0.05854 0.05613 0.05432 0.0533 0.05571 0.05429 0.05517 0.05357 0.05507 0.05272 0.04928 0.04753 0.04514 0.04505 0.04288 0.04248 0.04099 0.0394 0.03703
25 0.07569 0.07284 0.07047 0.0674 0.06636 0.06415 0.06581 0.06577 0.06558 0.06432 0.06531 0.06427 0.06184 0.05922 0.05751 0.05707 0.05463 0.05308 0.052 0.04913 0.04845
26 0.09044 0.08759 0.08414 0.07972 0.07788 0.07597 0.07744 0.07723 0.07822 0.07631 0.0774 0.07748 0.07635 0.07408 0.07076 0.07034 0.06908 0.06715 0.06619 0.06319 0.06066
27 0.10263 0.09967 0.09634 0.09264 0.08963 0.08603 0.08917 0.08826 0.08885 0.08815 0.08878 0.0891 0.08889 0.08876 0.08554 0.08523 0.08562 0.08252 0.08147 0.07828 0.07588
28 0.11178 0.10678 0.10469 0.10226 0.0987 0.09516 0.09777 0.09791 0.09845 0.09798 0.09859 0.09824 0.09888 0.09958 0.09923 0.09854 0.09684 0.09771 0.0961 0.09238 0.08914
29 0.11613 0.11149 0.1091 0.10693 0.10631 0.10152 0.10521 0.10494 0.10676 0.10527 0.10548 0.10575 0.1066 0.10812 0.10733 0.11035 0.10761 0.1072 0.10808 0.1028 0.10024
30 0.1132 0.10842 0.10652 0.10375 0.10462 0.10172 0.10525 0.10616 0.10669 0.10769 0.10571 0.1068 0.10764 0.10909 0.10862 0.11181 0.111 0.1108 0.10972 0.10763 0.10445
31 0.10664 0.10143 0.09931 0.09806 0.09824 0.09597 0.10124 0.1018 0.10376 0.10346 0.10465 0.10453 0.10554 0.10741 0.10813 0.11041 0.10959 0.10993 0.1096 0.10494 0.10466
32 0.09598 0.09133 0.08939 0.08765 0.08899 0.08717 0.09277 0.09509 0.09695 0.09726 0.09822 0.09943 0.10103 0.10203 0.10252 0.10528 0.10543 0.10462 0.10478 0.10046 0.09935
33 0.07446 0.07961 0.07884 0.07732 0.07733 0.07748 0.08147 0.08462 0.08746 0.08817 0.09021 0.09042 0.09349 0.09528 0.09524 0.09852 0.09802 0.09749 0.0976 0.0946 0.09224
34 0.07175 0.06155 0.06698 0.06649 0.06713 0.0662 0.07098 0.07373 0.07707 0.07894 0.08013 0.08246 0.08391 0.08782 0.08881 0.09125 0.09049 0.08993 0.09011 0.08633 0.08704
35 0.05267 0.05866 0.04968 0.05491 0.05639 0.05562 0.0592 0.06266 0.06519 0.0672 0.06984 0.07083 0.07419 0.07782 0.07804 0.08169 0.08127 0.08152 0.08076 0.07837 0.07735
36 0.041 0.04143 0.04582 0.03979 0.04529 0.04511 0.04826 0.05069 0.05352 0.05517 0.05794 0.05961 0.06232 0.06588 0.06687 0.07006 0.07023 0.06991 0.06967 0.0667 0.06641
37 0.02913 0.02993 0.03035 0.03435 0.03095 0.03379 0.03654 0.03902 0.04113 0.04276 0.04464 0.04676 0.04959 0.0524 0.05494 0.05625 0.05764 0.05747 0.0572 0.05556 0.05489
38 0.02044 0.02123 0.02231 0.0227 0.02622 0.02276 0.02707 0.02921 0.03104 0.03257 0.03419 0.03542 0.03809 0.04088 0.04226 0.04485 0.04609 0.04634 0.04604 0.04484 0.04396
39 0.01394 0.01468 0.01513 0.01604 0.01663 0.01885 0.01756 0.02094 0.02237 0.02399 0.02522 0.02635 0.02833 0.0307 0.03257 0.03357 0.03537 0.03571 0.03579 0.03508 0.03514
40 0.00892 0.00915 0.00995 0.01032 0.01101 0.01078 0.01375 0.0132 0.015 0.01599 0.01716 0.01799 0.01963 0.02108 0.02249 0.02431 0.02512 0.0257 0.02601 0.02568 0.02528
41 0.00528 0.00544 0.00573 0.00623 0.00655 0.00678 0.00732 0.00904 0.00847 0.0099 0.01083 0.01142 0.01253 0.01344 0.01402 0.01533 0.01653 0.01653 0.01707 0.01693 0.01715
42 0.00293 0.00309 0.00328 0.00358 0.00357 0.00373 0.0042 0.00466 0.00558 0.00516 0.00623 0.00652 0.00709 0.00796 0.00851 0.00906 0.00953 0.00985 0.00998 0.01022 0.01016
43 0.00153 0.00148 0.00161 0.00174 0.0019 0.00192 0.0023 0.00248 0.00257 0.00307 0.003 0.00342 0.00376 0.00413 0.00448 0.00478 0.00511 0.00522 0.00537 0.00558 0.00573
44 0.00076 0.00069 0.00075 0.00079 0.0009 0.00096 0.00099 0.00108 0.00127 0.00131 0.00153 0.00144 0.0018 0.00195 0.00208 0.00219 0.00233 0.00231 0.00252 0.00244 0.00267
45 0.00031 0.0003 0.00031 0.00032 0.00036 0.00044 0.00043 0.00047 0.00044 0.00055 0.00054 0.00069 0.0007 0.00076 0.0008 0.0009 0.00089 0.00093 0.00095 0.00101 0.00108
46 0.00011 0.00013 0.00013 0.00011 0.00014 0.00016 0.00015 0.00019 0.0002 0.00019 0.00023 0.00024 0.00025 0.00027 0.00033 0.00028 0.00033 0.00036 0.00042 0.0004 0.0004
47 4e-05 4e-05 5e-05 5e-05 7e-05 7e-05 5e-05 8e-05 9e-05 8e-05 7e-05 8e-05 8e-05 0.00013 0.00013 0.00014 0.00014 0.00016 0.00017 0.00014 0.00015
48 2e-05 2e-05 2e-05 3e-05 3e-05 4e-05 4e-05 3e-05 3e-05 3e-05 6e-05 5e-05 5e-05 6e-05 7e-05 5e-05 6e-05 6e-05 6e-05 7e-05 7e-05
49 2e-05 1e-05 3e-05 4e-05 4e-05 7e-05 3e-05 4e-05 5e-05 5e-05 5e-05 8e-05 8e-05 9e-05 0.00011 0.00011 9e-05 0.0001 0.00012 0.0001 0.0001