Year Age Female Male Total
2000 0 0.002911 0.003472 0.003198
2000 1 0.000481 0.000567 0.000525
2000 2 0.000239 0.00056 0.000405
2000 3 0.0 0.00033 0.000170
2000 4 0.000115 0.000328 0.000224
2000 5 0.0 0.000105 0.000054
2000 6 0.000111 0.000104 0.000108
2000 7 0.0 0.000103 0.000053
2000 8 0.000107 0.000202 0.000156
2000 9 0.000211 0.0 0.000103
2000 10 0.000102 9.7e-05 0.000099
2000 11 0.000194 0.0 0.000094
2000 12 0.0 9.1e-05 0.000046
2000 13 0.000181 8.8e-05 0.000134
2000 14 0.0 0.000253 0.000129
2000 15 0.00017 0.00024 0.000206
2000 16 0.0 0.000551 0.000285
2000 17 0.000172 0.000322 0.000250
2000 18 0.0 0.000431 0.000223
2000 19 0.000483 0.000447 0.000464
2000 20 0.000571 0.00062 0.000596
2000 21 0.000281 0.00107 0.000686
2000 22 0.00028 0.000813 0.000551
2000 23 0.000184 0.00064 0.000412
2000 24 0.000443 0.001187 0.000809
2000 25 0.000613 0.000631 0.000622
2000 26 0.000255 0.000717 0.000480
2000 27 0.000343 0.00064 0.000487
2000 28 0.00036 0.001049 0.000695
2000 29 0.000279 0.000597 0.000433
2000 30 0.000471 0.000617 0.000541
2000 31 0.000546 0.000301 0.000429
2000 32 0.000352 0.000495 0.000419
2000 33 0.000369 0.000522 0.000441
2000 34 0.000791 0.000767 0.000780
2000 35 0.000609 0.000964 0.000778
2000 36 0.000805 0.000887 0.000844
2000 37 0.000618 0.001448 0.001016
2000 38 0.000698 0.000856 0.000774
2000 39 0.000775 0.000837 0.000805
2000 40 0.000421 0.001621 0.001004
2000 41 0.000796 0.001958 0.001361
2000 42 0.001141 0.001907 0.001513
2000 43 0.000967 0.002194 0.001568
2000 44 0.001313 0.001752 0.001529
2000 45 0.001506 0.001811 0.001656
2000 46 0.001341 0.002945 0.002130
2000 47 0.001431 0.002436 0.001927
2000 48 0.001046 0.002655 0.001842
2000 49 0.002013 0.003229 0.002617
2000 50 0.002107 0.00401 0.003050
2000 51 0.002348 0.00541 0.003862
2000 52 0.002416 0.004151 0.003277
2000 53 0.002422 0.00658 0.004470
2000 54 0.0026 0.00421 0.003377
2000 55 0.003133 0.006243 0.004614
2000 56 0.002699 0.006626 0.004545
2000 57 0.002843 0.00674 0.004647
2000 58 0.002584 0.007104 0.004656
2000 59 0.002638 0.008715 0.005412
2000 60 0.003158 0.009902 0.006228
2000 61 0.003606 0.009277 0.006178
2000 62 0.004332 0.011884 0.007755
2000 63 0.0041 0.009549 0.006575
2000 64 0.006097 0.013209 0.009330
2000 65 0.005081 0.011889 0.008161
2000 66 0.005986 0.014011 0.009612
2000 67 0.007436 0.015804 0.011236
2000 68 0.006828 0.016318 0.011160
2000 69 0.009039 0.020664 0.014353
2000 70 0.008111 0.021251 0.014049
2000 71 0.010918 0.023202 0.016389
2000 72 0.01055 0.025026 0.016928
2000 73 0.012279 0.027941 0.019082
2000 74 0.014635 0.031854 0.021849
2000 75 0.015729 0.032728 0.022563
2000 76 0.020505 0.036107 0.026559
2000 77 0.021984 0.043043 0.029807
2000 78 0.021477 0.046479 0.030493
2000 79 0.026929 0.057993 0.037926
2000 80 0.028646 0.060323 0.039838
2000 81 0.033044 0.072423 0.046934
2000 82 0.036249 0.075405 0.049804
2000 83 0.046718 0.091784 0.062149
2000 84 0.052819 0.095238 0.067153
2000 85 0.060677 0.102344 0.074435
2000 86 0.068909 0.120594 0.085451
2000 87 0.078988 0.130186 0.094825
2000 88 0.091476 0.143129 0.106649
2000 89 0.106298 0.181188 0.127012
2000 90 0.105596 0.175375 0.123980
2000 91 0.126635 0.235034 0.154577
2000 92 0.137929 0.246252 0.165057
2000 93 0.180449 0.233223 0.193283
2000 94 0.172024 0.23764 0.187130
2000 95 0.220725 0.285054 0.234540
2000 96 0.244892 0.342296 0.263462
2000 97 0.251641 0.270781 0.255078
2000 98 0.269139 0.358181 0.285345
2000 99 0.262069 0.331987 0.274182
2000 100 0.218319 0.37301 0.246443
2001 0 0.003528 0.003001 0.003257
2001 1 0.000364 0.000462 0.000414
2001 2 0.00024 0.000341 0.000292
2001 3 0.000119 0.000448 0.000289
2001 4 0.000117 0.000329 0.000226
2001 5 0.000115 0.000218 0.000168
2001 6 0.000221 0.000525 0.000377
2001 7 0.0 0.000208 0.000107
2001 8 0.0 0.000103 0.000053
2001 9 0.000213 0.000202 0.000208
2001 10 0.000105 0.0002 0.000154
2001 11 0.0 0.000193 0.000099
2001 12 0.0 9.2e-05 0.000047
2001 13 9.4e-05 9.1e-05 0.000093
2001 14 9.2e-05 0.000266 0.000180
2001 15 0.0 8.6e-05 0.000044
2001 16 0.000174 0.000245 0.000211
2001 17 0.0 0.000564 0.000291
2001 18 0.000177 0.000582 0.000386
2001 19 0.000378 0.000626 0.000506
2001 20 0.0003 0.000739 0.000527
2001 21 9.7e-05 0.000822 0.000470
2001 22 9.5e-05 0.000275 0.000187
2001 23 9.4e-05 0.000371 0.000234
2001 24 0.000276 0.000653 0.000463
2001 25 0.000266 0.000746 0.000501
2001 26 0.00026 0.000724 0.000487
2001 27 0.000341 0.000989 0.000657
2001 28 0.000343 0.000729 0.000531
2001 29 0.000271 0.000761 0.000509
2001 30 0.000746 0.000598 0.000674
2001 31 0.000281 0.000914 0.000585
2001 32 0.000545 0.000903 0.000715
2001 33 0.000438 0.00109 0.000745
2001 34 0.000923 0.001354 0.001126
2001 35 0.000197 0.000668 0.000421
2001 36 0.000346 0.00086 0.000591
2001 37 0.001072 0.001281 0.001172
2001 38 0.00062 0.001441 0.001014
2001 39 0.000349 0.000946 0.000636
2001 40 0.000174 0.001706 0.000912
2001 41 0.001011 0.002049 0.001515
2001 42 0.001274 0.002287 0.001766
2001 43 0.000407 0.001994 0.001178
2001 44 0.000807 0.001434 0.001114
2001 45 0.001391 0.002246 0.001812
2001 46 0.001431 0.002571 0.001992
2001 47 0.001416 0.003254 0.002320
2001 48 0.001216 0.002742 0.001968
2001 49 0.001469 0.003092 0.002271
2001 50 0.00162 0.004875 0.003233
2001 51 0.001917 0.002361 0.002137
2001 52 0.002099 0.004206 0.003139
2001 53 0.002479 0.004691 0.003575
2001 54 0.002799 0.004479 0.003625
2001 55 0.002509 0.006202 0.004290
2001 56 0.002654 0.004836 0.003693
2001 57 0.002697 0.007678 0.005036
2001 58 0.003176 0.005972 0.004470
2001 59 0.003551 0.009059 0.006072
2001 60 0.003918 0.00742 0.005515
2001 61 0.004527 0.007524 0.005891
2001 62 0.00317 0.008667 0.005659
2001 63 0.004739 0.011634 0.007857
2001 64 0.004657 0.010444 0.007280
2001 65 0.005577 0.011355 0.008198
2001 66 0.005414 0.013424 0.009027
2001 67 0.007125 0.015533 0.010911
2001 68 0.006943 0.015922 0.011005
2001 69 0.007271 0.02011 0.013097
2001 70 0.008543 0.020958 0.014185
2001 71 0.011281 0.024061 0.017016
2001 72 0.010014 0.02747 0.017730
2001 73 0.012206 0.030047 0.019991
2001 74 0.014832 0.032159 0.022295
2001 75 0.014393 0.035371 0.023096
2001 76 0.016924 0.037279 0.025019
2001 77 0.021839 0.043314 0.030079
2001 78 0.021417 0.046012 0.030433
2001 79 0.026266 0.049453 0.034497
2001 80 0.028901 0.053529 0.037446
2001 81 0.028704 0.065118 0.041320
2001 82 0.038769 0.076532 0.051746
2001 83 0.045039 0.086837 0.059185
2001 84 0.050939 0.096249 0.065969
2001 85 0.062 0.099365 0.074266
2001 86 0.068659 0.107309 0.081050
2001 87 0.074836 0.122272 0.089591
2001 88 0.082529 0.144499 0.101013
2001 89 0.10875 0.150694 0.120566
2001 90 0.104268 0.166766 0.120708
2001 91 0.131262 0.205019 0.149650
2001 92 0.124937 0.209918 0.145537
2001 93 0.155461 0.230011 0.172972
2001 94 0.178923 0.257715 0.197162
2001 95 0.198771 0.297926 0.220520
2001 96 0.214104 0.284564 0.228073
2001 97 0.249541 0.270173 0.253253
2001 98 0.296458 0.424065 0.318191
2001 99 0.295503 0.2251 0.283748
2001 100 0.336823 0.503532 0.363600
2002 0 0.004378 0.004757 0.004572
2002 1 0.000364 0.000115 0.000236
2002 2 0.000242 0.001036 0.000649
2002 3 0.00012 0.000339 0.000232
2002 4 0.000119 0.000223 0.000173
2002 5 0.000233 0.000109 0.000169
2002 6 0.000229 0.000435 0.000335
2002 7 0.0 0.0 0.000000
2002 8 0.00011 0.000208 0.000161
2002 9 0.0 0.0 0.000000
2002 10 0.0 0.000202 0.000104
2002 11 0.000105 0.0 0.000051
2002 12 0.0 0.000192 0.000099
2002 13 9.7e-05 0.000184 0.000141
2002 14 0.0 9.1e-05 0.000047
2002 15 0.000188 0.00018 0.000184
2002 16 0.000279 0.000529 0.000407
2002 17 0.00027 0.000509 0.000393
2002 18 8.9e-05 0.000252 0.000173
2002 19 0.000182 0.000958 0.000580
2002 20 0.000385 0.00037 0.000377
2002 21 0.000495 0.000474 0.000484
2002 22 0.000194 0.000374 0.000286
2002 23 0.000287 0.000468 0.000378
2002 24 0.000189 0.001032 0.000612
2002 25 0.000187 0.000938 0.000559
2002 26 8.9e-05 0.000742 0.000408
2002 27 0.00052 0.000361 0.000443
2002 28 0.000256 0.000626 0.000437
2002 29 0.000344 0.00064 0.000488
2002 30 0.000362 0.001049 0.000697
2002 31 0.000372 0.000693 0.000528
2002 32 0.000749 0.001219 0.000975
2002 33 0.000456 0.000905 0.000670
2002 34 0.000614 0.000792 0.000698
2002 35 0.000738 0.001052 0.000886
2002 36 0.000592 0.000762 0.000673
2002 37 0.000346 0.001243 0.000773
2002 38 0.000893 0.001085 0.000985
2002 39 0.001062 0.001922 0.001474
2002 40 0.000526 0.001052 0.000779
2002 41 0.000433 0.001675 0.001031
2002 42 0.000924 0.001975 0.001434
2002 43 0.001117 0.002125 0.001605
2002 44 0.000815 0.002618 0.001689
2002 45 0.001209 0.001788 0.001493
2002 46 0.001391 0.003049 0.002207
2002 47 0.000979 0.002581 0.001766
2002 48 0.001789 0.002961 0.002364
2002 49 0.002436 0.002973 0.002700
2002 50 0.002037 0.003351 0.002686
2002 51 0.00148 0.00435 0.002901
2002 52 0.001978 0.004729 0.003338
2002 53 0.002901 0.00472 0.003798
2002 54 0.002413 0.00392 0.003158
2002 55 0.00197 0.005607 0.003757
2002 56 0.001701 0.006713 0.004116
2002 57 0.003129 0.007461 0.005190
2002 58 0.00295 0.009193 0.005881
2002 59 0.003844 0.007728 0.005641
2002 60 0.003395 0.009957 0.006398
2002 61 0.004402 0.010168 0.007031
2002 62 0.004105 0.009814 0.006700
2002 63 0.003266 0.01195 0.007191
2002 64 0.004273 0.01114 0.007371
2002 65 0.005303 0.012242 0.008442
2002 66 0.004968 0.011298 0.007832
2002 67 0.00599 0.013562 0.009395
2002 68 0.007725 0.014925 0.010955
2002 69 0.007454 0.019433 0.012843
2002 70 0.008674 0.019442 0.013530
2002 71 0.010025 0.02547 0.016994
2002 72 0.009019 0.024636 0.015971
2002 73 0.011297 0.028658 0.018895
2002 74 0.015158 0.027677 0.020577
2002 75 0.015842 0.034561 0.023832
2002 76 0.016873 0.03647 0.024910
2002 77 0.017824 0.040865 0.026876
2002 78 0.022339 0.04788 0.032016
2002 79 0.028469 0.056294 0.038505
2002 80 0.027783 0.058111 0.038460
2002 81 0.031554 0.063382 0.042390
2002 82 0.039261 0.080434 0.053165
2002 83 0.038484 0.078069 0.051784
2002 84 0.047073 0.09646 0.063279
2002 85 0.058643 0.100127 0.072039
2002 86 0.068989 0.118845 0.084827
2002 87 0.075907 0.117451 0.088831
2002 88 0.087488 0.145696 0.104962
2002 89 0.097896 0.169389 0.118382
2002 90 0.10763 0.175895 0.126032
2002 91 0.121808 0.157322 0.130744
2002 92 0.144326 0.237113 0.166160
2002 93 0.150006 0.206468 0.162981
2002 94 0.177154 0.255731 0.194528
2002 95 0.211463 0.282644 0.226803
2002 96 0.224224 0.334336 0.246839
2002 97 0.252744 0.222621 0.247022
2002 98 0.273599 0.332058 0.284094
2002 99 0.355252 0.406191 0.363462
2002 100 0.323229 0.509239 0.353357
2003 0 0.002743 0.003441 0.003101
2003 1 0.000365 0.000348 0.000357
2003 2 0.0 0.000459 0.000236
2003 3 0.000121 0.000229 0.000176
2003 4 0.000238 0.0 0.000116
2003 5 0.0 0.0 0.000000
2003 6 0.000232 0.000327 0.000281
2003 7 0.000115 0.000108 0.000111
2003 8 0.000221 0.000105 0.000161
2003 9 0.00011 0.000104 0.000107
2003 10 0.0 0.000103 0.000053
2003 11 0.000106 0.000101 0.000104
2003 12 0.00021 0.0001 0.000154
2003 13 0.000102 0.000192 0.000148
2003 14 9.7e-05 0.000458 0.000283
2003 15 9.6e-05 0.0 0.000047
2003 16 0.000288 0.000642 0.000469
2003 17 0.0 0.000545 0.000281
2003 18 9.3e-05 0.000884 0.000500
2003 19 0.000278 0.000176 0.000226
2003 20 0.00019 0.000912 0.000557
2003 21 9.8e-05 0.000576 0.000339
2003 22 0.000498 0.00039 0.000443
2003 23 0.000195 0.000574 0.000387
2003 24 0.000672 0.000669 0.000670
2003 25 0.000189 0.001053 0.000620
2003 26 0.000461 0.000758 0.000608
2003 27 0.000178 0.000743 0.000454
2003 28 0.000347 0.001177 0.000754
2003 29 0.000256 0.000269 0.000263
2003 30 0.00026 0.000822 0.000534
2003 31 0.00063 0.000951 0.000787
2003 32 0.000186 0.000792 0.000480
2003 33 0.000281 0.001433 0.000834
2003 34 0.000636 0.001304 0.000954
2003 35 0.000441 0.000696 0.000561
2003 36 0.000461 0.000727 0.000586
2003 37 0.000394 0.000982 0.000674
2003 38 0.000519 0.000861 0.000682
2003 39 0.000536 0.00108 0.000795
2003 40 0.000621 0.001357 0.000974
2003 41 0.000876 0.002088 0.001458
2003 42 0.000606 0.002234 0.001390
2003 43 0.000674 0.002063 0.001348
2003 44 0.001195 0.002733 0.001940
2003 45 0.001549 0.003237 0.002367
2003 46 0.001373 0.003224 0.002278
2003 47 0.001236 0.002174 0.001697
2003 48 0.000979 0.003451 0.002192
2003 49 0.001416 0.004147 0.002755
2003 50 0.001077 0.003664 0.002349
2003 51 0.002167 0.004557 0.003345
2003 52 0.001816 0.004978 0.003378
2003 53 0.002109 0.005008 0.003539
2003 54 0.00216 0.004104 0.003116
2003 55 0.002861 0.004999 0.003917
2003 56 0.003477 0.005991 0.004711
2003 57 0.003509 0.007391 0.005379
2003 58 0.003799 0.007582 0.005598
2003 59 0.003287 0.007758 0.005385
2003 60 0.002761 0.008343 0.005342
2003 61 0.003883 0.008003 0.005769
2003 62 0.003603 0.00875 0.005948
2003 63 0.00394 0.010368 0.006858
2003 64 0.00548 0.010391 0.007695
2003 65 0.004864 0.011649 0.007918
2003 66 0.005019 0.012425 0.008362
2003 67 0.00618 0.013441 0.009456
2003 68 0.007528 0.019104 0.012712
2003 69 0.007692 0.018826 0.012663
2003 70 0.008835 0.019989 0.013821
2003 71 0.009395 0.02221 0.015136
2003 72 0.010291 0.027019 0.017776
2003 73 0.012507 0.026729 0.018777
2003 74 0.011959 0.029438 0.019546
2003 75 0.012978 0.033542 0.021802
2003 76 0.016074 0.035334 0.024209
2003 77 0.018349 0.042022 0.027940
2003 78 0.021034 0.042725 0.029445
2003 79 0.023872 0.05169 0.034263
2003 80 0.026691 0.061563 0.039172
2003 81 0.033591 0.068562 0.045603
2003 82 0.038853 0.082905 0.053490
2003 83 0.038641 0.09459 0.057013
2003 84 0.050721 0.082699 0.061138
2003 85 0.052805 0.114486 0.072468
2003 86 0.071051 0.118525 0.085888
2003 87 0.072236 0.122693 0.087690
2003 88 0.079692 0.169241 0.106424
2003 89 0.100712 0.150382 0.114863
2003 90 0.116098 0.180161 0.133612
2003 91 0.130881 0.199769 0.148676
2003 92 0.138659 0.185124 0.149780
2003 93 0.156912 0.231663 0.173901
2003 94 0.179014 0.243118 0.192908
2003 95 0.234125 0.253239 0.238153
2003 96 0.217374 0.298008 0.234000
2003 97 0.225306 0.312095 0.242036
2003 98 0.248461 0.372912 0.271091
2003 99 0.272224 0.222469 0.263976
2003 100 0.338779 0.366837 0.343090
2004 0 0.002303 0.002987 0.002657
2004 1 0.000375 0.000119 0.000244
2004 2 0.000122 0.000233 0.000179
2004 3 0.000121 0.0 0.000059
2004 4 0.00012 0.000114 0.000117
2004 5 0.0 0.0 0.000000
2004 6 0.000118 0.0 0.000057
2004 7 0.000347 0.000218 0.000280
2004 8 0.0 0.000108 0.000056
2004 9 0.0 0.000104 0.000054
2004 10 0.0 0.0 0.000000
2004 11 0.000217 0.000102 0.000158
2004 12 0.0 0.000303 0.000155
2004 13 0.000105 0.0002 0.000154
2004 14 0.000102 0.000288 0.000198
2004 15 0.000194 0.000366 0.000283
2004 16 9.7e-05 0.000369 0.000236
2004 17 9.8e-05 0.000654 0.000383
2004 18 0.0 0.000657 0.000339
2004 19 9.7e-05 0.000367 0.000236
2004 20 9.6e-05 0.000553 0.000329
2004 21 9.7e-05 0.000574 0.000338
2004 22 0.000199 0.000698 0.000449
2004 23 0.0002 0.000903 0.000552
2004 24 0.0 0.000491 0.000245
2004 25 0.000193 0.0 0.000097
2004 26 0.000285 0.000675 0.000478
2004 27 0.000461 0.00038 0.000421
2004 28 0.000267 0.000743 0.000500
2004 29 0.000262 0.000632 0.000444
2004 30 0.000259 0.00045 0.000352
2004 31 8.6e-05 0.000545 0.000310
2004 32 0.000181 0.000946 0.000554
2004 33 9.3e-05 0.000694 0.000385
2004 34 0.000749 0.000506 0.000633
2004 35 0.000547 0.001407 0.000956
2004 36 0.000876 0.001184 0.001021
2004 37 0.000461 0.001771 0.001078
2004 38 0.000691 0.001742 0.001191
2004 39 0.000605 0.001822 0.001184
2004 40 0.000893 0.001881 0.001364
2004 41 0.000798 0.001638 0.001201
2004 42 0.000612 0.001901 0.001231
2004 43 0.000604 0.001775 0.001168
2004 44 0.001178 0.002072 0.001611
2004 45 0.001439 0.002315 0.001863
2004 46 0.001225 0.002703 0.001941
2004 47 0.001295 0.002634 0.001949
2004 48 0.00193 0.004033 0.002961
2004 49 0.00158 0.00362 0.002579
2004 50 0.002097 0.003628 0.002847
2004 51 0.001366 0.004177 0.002747
2004 52 0.002101 0.004579 0.003321
2004 53 0.002223 0.004025 0.003112
2004 54 0.002362 0.006216 0.004261
2004 55 0.002656 0.006515 0.004550
2004 56 0.002729 0.007029 0.004848
2004 57 0.002115 0.006978 0.004496
2004 58 0.002713 0.008156 0.005333
2004 59 0.003891 0.007155 0.005442
2004 60 0.003543 0.007305 0.005308
2004 61 0.002842 0.007516 0.005004
2004 62 0.003882 0.008862 0.006161
2004 63 0.005218 0.010041 0.007414
2004 64 0.004038 0.010507 0.006972
2004 65 0.004979 0.012307 0.008279
2004 66 0.005206 0.014934 0.009572
2004 67 0.005202 0.013408 0.008899
2004 68 0.00605 0.013904 0.009579
2004 69 0.007252 0.016488 0.011370
2004 70 0.008147 0.020074 0.013441
2004 71 0.008434 0.020555 0.013819
2004 72 0.010615 0.023504 0.016349
2004 73 0.012683 0.031247 0.020916
2004 74 0.011274 0.027224 0.018240
2004 75 0.015493 0.032379 0.022749
2004 76 0.014056 0.033879 0.022476
2004 77 0.018743 0.041912 0.028418
2004 78 0.02094 0.046102 0.030987
2004 79 0.025548 0.049482 0.034694
2004 80 0.027976 0.058837 0.039403
2004 81 0.030297 0.071203 0.044594
2004 82 0.033497 0.073958 0.047022
2004 83 0.041956 0.078671 0.053809
2004 84 0.048481 0.094548 0.063186
2004 85 0.052579 0.104193 0.068836
2004 86 0.066036 0.109372 0.079396
2004 87 0.071674 0.120113 0.086343
2004 88 0.071648 0.127939 0.088214
2004 89 0.096834 0.158942 0.114551
2004 90 0.103394 0.172763 0.122256
2004 91 0.11493 0.178414 0.131414
2004 92 0.139544 0.194639 0.153151
2004 93 0.141014 0.222296 0.159727
2004 94 0.184247 0.247202 0.197686
2004 95 0.196328 0.264042 0.210345
2004 96 0.199891 0.323023 0.224501
2004 97 0.216016 0.348117 0.241325
2004 98 0.277567 0.375099 0.294658
2004 99 0.316729 0.399032 0.331336
2004 100 0.364259 0.396847 0.369495
2005 0 0.002366 0.003091 0.002739
2005 1 0.000258 0.000723 0.000498
2005 2 0.0 0.0 0.000000
2005 3 0.000489 0.000233 0.000358
2005 4 0.000121 0.000228 0.000176
2005 5 0.000359 0.000113 0.000233
2005 6 0.0 0.000224 0.000115
2005 7 0.000118 0.000221 0.000171
2005 8 0.000231 0.000326 0.000280
2005 9 0.0 0.000108 0.000055
2005 10 0.00011 0.0 0.000053
2005 11 0.0 0.000103 0.000053
2005 12 0.0 0.0 0.000000
2005 13 0.0 0.000101 0.000052
2005 14 0.000211 0.0 0.000103
2005 15 0.0 9.6e-05 0.000050
2005 16 9.8e-05 0.000551 0.000332
2005 17 9.8e-05 0.000187 0.000143
2005 18 0.000101 0.000384 0.000246
2005 19 0.000207 0.000291 0.000250
2005 20 0.0 0.000191 0.000098
2005 21 0.000402 0.000773 0.000590
2005 22 0.000401 0.000701 0.000551
2005 23 0.000202 0.000829 0.000513
2005 24 0.000302 0.000618 0.000458
2005 25 0.000595 0.000605 0.000600
2005 26 9.7e-05 0.000991 0.000538
2005 27 0.000284 0.000292 0.000288
2005 28 0.000186 0.000958 0.000566
2005 29 0.000356 0.001118 0.000729
2005 30 0.000174 0.000547 0.000357
2005 31 0.000429 0.001071 0.000744
2005 32 0.000431 0.001092 0.000754
2005 33 0.00045 0.001132 0.000783
2005 34 0.000745 0.001089 0.000912
2005 35 0.000375 0.000511 0.000440
2005 36 0.000913 0.001205 0.001052
2005 37 0.000701 0.001681 0.001162
2005 38 0.000553 0.000833 0.000685
2005 39 0.00059 0.000653 0.000620
2005 40 0.000692 0.001645 0.001145
2005 41 0.000625 0.001477 0.001031
2005 42 0.000885 0.001351 0.001109
2005 43 0.001226 0.002676 0.001922
2005 44 0.00121 0.001777 0.001483
2005 45 0.000759 0.001808 0.001267
2005 46 0.001201 0.003333 0.002232
2005 47 0.00139 0.003153 0.002243
2005 48 0.001297 0.002816 0.002038
2005 49 0.001624 0.002265 0.001938
2005 50 0.001506 0.002538 0.002011
2005 51 0.001943 0.004238 0.003065
2005 52 0.002301 0.003744 0.003009
2005 53 0.001822 0.004739 0.003256
2005 54 0.002625 0.004748 0.003671
2005 55 0.003264 0.005786 0.004505
2005 56 0.002838 0.006591 0.004677
2005 57 0.003046 0.006733 0.004859
2005 58 0.003703 0.007305 0.005464
2005 59 0.002109 0.007071 0.004495
2005 60 0.002853 0.010204 0.006343
2005 61 0.004208 0.009581 0.006727
2005 62 0.0046 0.00928 0.006764
2005 63 0.003806 0.008881 0.006127
2005 64 0.004098 0.010461 0.006993
2005 65 0.00517 0.011084 0.007849
2005 66 0.00569 0.013935 0.009387
2005 67 0.007113 0.015405 0.010824
2005 68 0.005468 0.011801 0.008313
2005 69 0.008486 0.016755 0.012187
2005 70 0.008823 0.019551 0.013584
2005 71 0.009181 0.020756 0.014287
2005 72 0.010331 0.024223 0.016459
2005 73 0.011135 0.025573 0.017504
2005 74 0.013262 0.031058 0.021081
2005 75 0.014811 0.032789 0.022580
2005 76 0.014643 0.034349 0.023029
2005 77 0.017724 0.041279 0.027609
2005 78 0.019178 0.04813 0.031100
2005 79 0.022433 0.049429 0.033038
2005 80 0.026817 0.056076 0.037837
2005 81 0.02923 0.068665 0.043508
2005 82 0.035979 0.071326 0.048023
2005 83 0.043113 0.093773 0.059584
2005 84 0.044955 0.088427 0.058569
2005 85 0.056639 0.115821 0.074930
2005 86 0.057697 0.105862 0.072338
2005 87 0.068939 0.123886 0.085343
2005 88 0.081215 0.146706 0.100288
2005 89 0.089744 0.166418 0.111312
2005 90 0.103563 0.198132 0.129024
2005 91 0.128415 0.198394 0.146387
2005 92 0.136511 0.206161 0.153762
2005 93 0.18007 0.231963 0.192333
2005 94 0.167337 0.277264 0.191146
2005 95 0.193436 0.283879 0.211542
2005 96 0.21937 0.352766 0.244711
2005 97 0.251446 0.426336 0.282847
2005 98 0.283485 0.319146 0.289568
2005 99 0.241623 0.449016 0.274567
2005 100 0.323173 0.47938 0.349781
2006 0 0.001823 0.002646 0.002241
2006 1 0.0 0.000373 0.000192
2006 2 0.000129 0.00012 0.000125
2006 3 0.000126 0.0 0.000061
2006 4 0.000122 0.000117 0.000119
2006 5 0.0 0.000114 0.000059
2006 6 0.000119 0.000113 0.000116
2006 7 0.000236 0.0 0.000115
2006 8 0.0 0.000331 0.000171
2006 9 0.0 0.000108 0.000056
2006 10 0.0 0.0 0.000000
2006 11 0.00011 0.000208 0.000160
2006 12 0.0 0.0 0.000000
2006 13 0.0 0.0 0.000000
2006 14 0.0 0.000102 0.000052
2006 15 0.0 0.000103 0.000053
2006 16 0.000105 0.000297 0.000204
2006 17 0.0 0.00019 0.000097
2006 18 0.000201 0.000387 0.000296
2006 19 0.000104 0.000496 0.000304
2006 20 0.000317 0.000401 0.000360
2006 21 0.000102 0.000691 0.000402
2006 22 0.000304 0.000897 0.000603
2006 23 0.000203 0.000411 0.000306
2006 24 0.000203 0.001154 0.000671
2006 25 0.000202 0.000731 0.000462
2006 26 0.000593 0.000712 0.000651
2006 27 0.000483 0.001296 0.000883
2006 28 0.000284 0.000391 0.000337
2006 29 0.000369 0.000861 0.000611
2006 30 0.000624 0.001027 0.000821
2006 31 0.000436 0.000451 0.000443
2006 32 0.000171 0.000713 0.000437
2006 33 0.000345 0.000815 0.000575
2006 34 0.000181 0.000752 0.000460
2006 35 0.000373 0.001095 0.000724
2006 36 0.000562 0.001011 0.000778
2006 37 0.000635 0.0009 0.000761
2006 38 0.000263 0.001675 0.000928
2006 39 0.000644 0.001139 0.000877
2006 40 0.000689 0.000666 0.000678
2006 41 0.000604 0.001528 0.001043
2006 42 0.000358 0.002164 0.001220
2006 43 0.000709 0.00164 0.001156
2006 44 0.000876 0.002381 0.001599
2006 45 0.00087 0.00292 0.001857
2006 46 0.001519 0.002705 0.002094
2006 47 0.001359 0.002914 0.002111
2006 48 0.001473 0.003162 0.002290
2006 49 0.001704 0.003841 0.002746
2006 50 0.002329 0.002925 0.002621
2006 51 0.00181 0.005539 0.003633
2006 52 0.002318 0.003543 0.002917
2006 53 0.0018 0.003972 0.002865
2006 54 0.002595 0.006054 0.004293
2006 55 0.002564 0.004481 0.003508
2006 56 0.002874 0.005317 0.004075
2006 57 0.003026 0.007181 0.005060
2006 58 0.002285 0.006209 0.004212
2006 59 0.003252 0.008346 0.005740
2006 60 0.003231 0.007996 0.005521
2006 61 0.003514 0.009425 0.006315
2006 62 0.003034 0.012115 0.007283
2006 63 0.00444 0.010123 0.007062
2006 64 0.004629 0.011831 0.007916
2006 65 0.004928 0.01168 0.007994
2006 66 0.005364 0.012323 0.008508
2006 67 0.006346 0.01333 0.009465
2006 68 0.006828 0.013424 0.009772
2006 69 0.007016 0.015903 0.010992
2006 70 0.008306 0.01781 0.012539
2006 71 0.007834 0.020918 0.013607
2006 72 0.011889 0.024468 0.017397
2006 73 0.010667 0.0256 0.017201
2006 74 0.013005 0.027087 0.019166
2006 75 0.013607 0.032438 0.021786
2006 76 0.015813 0.038151 0.025361
2006 77 0.015939 0.041873 0.026826
2006 78 0.01849 0.046326 0.029999
2006 79 0.021648 0.046141 0.031557
2006 80 0.025137 0.056572 0.037304
2006 81 0.028631 0.065493 0.042219
2006 82 0.031774 0.067451 0.044392
2006 83 0.036998 0.075678 0.049817
2006 84 0.051977 0.085496 0.062574
2006 85 0.050943 0.099539 0.065655
2006 86 0.06134 0.119132 0.078586
2006 87 0.069606 0.127906 0.086697
2006 88 0.080257 0.149647 0.100087
2006 89 0.087005 0.159889 0.107240
2006 90 0.110753 0.183194 0.129928
2006 91 0.115299 0.209102 0.139064
2006 92 0.152572 0.21661 0.168143
2006 93 0.151717 0.217707 0.167276
2006 94 0.171056 0.296959 0.198747
2006 95 0.18821 0.265529 0.203568
2006 96 0.238503 0.331447 0.255564
2006 97 0.250695 0.321448 0.263051
2006 98 0.282491 0.253785 0.277605
2006 99 0.351846 0.451191 0.367407
2006 100 0.314468 0.319813 0.315265
2007 0 0.0034 0.002194 0.002787
2007 1 0.000652 0.000756 0.000705
2007 2 0.000264 0.000248 0.000256
2007 3 0.000129 0.0 0.000062
2007 4 0.0 0.000119 0.000061
2007 5 0.000244 0.000349 0.000298
2007 6 0.0 0.0 0.000000
2007 7 0.0 0.000113 0.000058
2007 8 0.000118 0.000223 0.000172
2007 9 0.0 0.000331 0.000170
2007 10 0.000115 0.0 0.000056
2007 11 0.0 0.0 0.000000
2007 12 0.00011 0.0 0.000053
2007 13 0.0 0.000103 0.000053
2007 14 0.0 0.000102 0.000053
2007 15 0.0 0.000208 0.000107
2007 16 0.0 0.000107 0.000055
2007 17 0.000109 0.000208 0.000160
2007 18 0.000208 0.0005 0.000357
2007 19 0.000104 0.000712 0.000412
2007 20 0.00053 0.000207 0.000367
2007 21 0.00032 0.00031 0.000315
2007 22 0.000206 0.000303 0.000255
2007 23 0.000203 0.00061 0.000407
2007 24 0.000102 0.000829 0.000462
2007 25 0.0 0.000423 0.000208
2007 26 0.000303 0.000939 0.000616
2007 27 0.000594 0.000405 0.000501
2007 28 9.6e-05 0.000699 0.000393
2007 29 0.000663 0.000583 0.000624
2007 30 0.000369 0.001149 0.000753
2007 31 0.000267 0.000836 0.000546
2007 32 0.000261 0.001172 0.000709
2007 33 8.6e-05 0.000888 0.000480
2007 34 0.000258 0.000992 0.000617
2007 35 0.000629 0.001045 0.000832
2007 36 0.000649 0.000783 0.000714
2007 37 0.00075 0.001207 0.000970
2007 38 0.000908 0.001495 0.001187
2007 39 0.000613 0.001279 0.000927
2007 40 0.000463 0.001358 0.000885
2007 41 0.000491 0.001419 0.000932
2007 42 0.001208 0.002199 0.001679
2007 43 0.000983 0.001863 0.001403
2007 44 0.00071 0.001737 0.001202
2007 45 0.00088 0.002007 0.001421
2007 46 0.001299 0.001687 0.001486
2007 47 0.000929 0.00315 0.002006
2007 48 0.001282 0.002913 0.002071
2007 49 0.001804 0.002725 0.002249
2007 50 0.001381 0.002491 0.001922
2007 51 0.001008 0.00389 0.002419
2007 52 0.00249 0.003882 0.003170
2007 53 0.002243 0.005907 0.004033
2007 54 0.002444 0.005423 0.003903
2007 55 0.002105 0.004404 0.003232
2007 56 0.002292 0.004829 0.003540
2007 57 0.003066 0.005645 0.004334
2007 58 0.003457 0.00744 0.005407
2007 59 0.003299 0.007264 0.005245
2007 60 0.002948 0.008477 0.005647
2007 61 0.002916 0.005366 0.004092
2007 62 0.003426 0.008725 0.005933
2007 63 0.004978 0.010944 0.007762
2007 64 0.004871 0.010104 0.007279
2007 65 0.005958 0.010973 0.008242
2007 66 0.004858 0.012088 0.008134
2007 67 0.006079 0.013631 0.009477
2007 68 0.005117 0.012358 0.008339
2007 69 0.008026 0.014419 0.010867
2007 70 0.007628 0.018148 0.012312
2007 71 0.00665 0.020085 0.012595
2007 72 0.009932 0.021042 0.014798
2007 73 0.01216 0.028183 0.019117
2007 74 0.013127 0.029986 0.020439
2007 75 0.011644 0.029466 0.019357
2007 76 0.013243 0.03532 0.022712
2007 77 0.019274 0.041259 0.028542
2007 78 0.020036 0.042353 0.029273
2007 79 0.023757 0.053256 0.035758
2007 80 0.027562 0.053157 0.037774
2007 81 0.030205 0.058584 0.040992
2007 82 0.028801 0.073472 0.044887
2007 83 0.039883 0.083316 0.054816
2007 84 0.042447 0.092505 0.058593
2007 85 0.0486 0.106625 0.066317
2007 86 0.061115 0.113891 0.076524
2007 87 0.069896 0.124409 0.085497
2007 88 0.075057 0.135449 0.092008
2007 89 0.092926 0.176974 0.115755
2007 90 0.10454 0.159575 0.119077
2007 91 0.125081 0.183322 0.139643
2007 92 0.132948 0.224264 0.154836
2007 93 0.148315 0.228337 0.166742
2007 94 0.166715 0.223673 0.179412
2007 95 0.208969 0.329521 0.233611
2007 96 0.216068 0.316903 0.234548
2007 97 0.244169 0.407829 0.272114
2007 98 0.28973 0.390034 0.306075
2007 99 0.312995 0.419201 0.330159
2007 100 0.328287 0.444691 0.345878
2008 0 0.001757 0.003012 0.002397
2008 1 0.000634 0.000245 0.000436
2008 2 0.000131 0.000252 0.000193
2008 3 0.000132 0.000247 0.000191
2008 4 0.0 0.000239 0.000124
2008 5 0.000125 0.000238 0.000183
2008 6 0.0 0.000116 0.000059
2008 7 0.0 0.000341 0.000175
2008 8 0.0 0.0 0.000000
2008 9 0.0 0.000111 0.000057
2008 10 0.000117 0.00033 0.000227
2008 11 0.0 0.0 0.000000
2008 12 0.000114 0.000323 0.000221
2008 13 0.0 0.00031 0.000160
2008 14 0.000219 0.000205 0.000211
2008 15 0.00011 0.000206 0.000159
2008 16 0.000223 0.000319 0.000272
2008 17 0.000116 0.000777 0.000454
2008 18 0.000456 0.000547 0.000503
2008 19 0.000216 0.000318 0.000268
2008 20 0.000323 0.000541 0.000432
2008 21 0.000217 0.000753 0.000486
2008 22 0.000323 0.000747 0.000536
2008 23 0.000207 0.000933 0.000570
2008 24 0.000411 0.00124 0.000823
2008 25 0.000205 0.00042 0.000311
2008 26 0.000204 0.000845 0.000519
2008 27 0.000709 0.001047 0.000875
2008 28 0.000295 0.000708 0.000499
2008 29 0.000288 0.000298 0.000293
2008 30 0.00038 0.000488 0.000433
2008 31 0.000553 0.000569 0.000560
2008 32 0.000535 0.000556 0.000545
2008 33 0.000437 0.000901 0.000665
2008 34 0.000256 0.000621 0.000435
2008 35 0.000344 0.000902 0.000617
2008 36 0.000447 0.000561 0.000503
2008 37 9.3e-05 0.001659 0.000856
2008 38 0.00028 0.001405 0.000823
2008 39 0.000543 0.001391 0.000947
2008 40 0.000961 0.001478 0.001205
2008 41 0.00046 0.001344 0.000877
2008 42 0.001277 0.001949 0.001597
2008 43 0.000604 0.002096 0.001314
2008 44 0.001253 0.001965 0.001593
2008 45 0.001241 0.00155 0.001389
2008 46 0.001491 0.002284 0.001872
2008 47 0.001301 0.002158 0.001714
2008 48 0.001269 0.002792 0.002008
2008 49 0.001444 0.004122 0.002739
2008 50 0.001887 0.002833 0.002344
2008 51 0.002111 0.004967 0.003503
2008 52 0.001782 0.004798 0.003258
2008 53 0.002194 0.004377 0.003261
2008 54 0.001272 0.004967 0.003075
2008 55 0.002879 0.005292 0.004059
2008 56 0.002801 0.005198 0.003975
2008 57 0.003637 0.005589 0.004597
2008 58 0.003323 0.006895 0.005079
2008 59 0.00315 0.007763 0.005408
2008 60 0.003614 0.007155 0.005352
2008 61 0.003852 0.008283 0.006014
2008 62 0.004427 0.00802 0.006151
2008 63 0.004103 0.009514 0.006659
2008 64 0.004393 0.010043 0.007023
2008 65 0.005141 0.011572 0.008093
2008 66 0.005154 0.013612 0.008996
2008 67 0.005287 0.014583 0.009482
2008 68 0.006541 0.014545 0.010128
2008 69 0.007848 0.017297 0.012034
2008 70 0.008251 0.015601 0.011502
2008 71 0.009293 0.017235 0.012810
2008 72 0.008746 0.022047 0.014592
2008 73 0.010016 0.022036 0.015242
2008 74 0.01119 0.028721 0.018728
2008 75 0.01343 0.030332 0.020684
2008 76 0.013897 0.0376 0.024033
2008 77 0.016471 0.038676 0.025861
2008 78 0.017957 0.046369 0.029755
2008 79 0.021268 0.046274 0.031453
2008 80 0.025171 0.05746 0.038114
2008 81 0.029284 0.061549 0.041943
2008 82 0.035419 0.068941 0.047900
2008 83 0.038902 0.07467 0.051464
2008 84 0.041163 0.082148 0.054880
2008 85 0.052371 0.093764 0.065291
2008 86 0.05248 0.103657 0.067577
2008 87 0.068919 0.120718 0.083494
2008 88 0.080831 0.149975 0.099846
2008 89 0.094302 0.154877 0.110427
2008 90 0.118768 0.174112 0.133177
2008 91 0.122352 0.19981 0.141933
2008 92 0.13981 0.237536 0.162843
2008 93 0.15463 0.253519 0.176618
2008 94 0.16804 0.248183 0.185454
2008 95 0.205974 0.300671 0.225547
2008 96 0.242598 0.341345 0.261060
2008 97 0.281237 0.357615 0.293926
2008 98 0.268699 0.382211 0.286650
2008 99 0.284167 0.401701 0.301957
2008 100 0.366864 0.457079 0.380145
2009 0 0.001515 0.002538 0.002038
2009 1 0.000379 0.000242 0.000309
2009 2 0.000255 0.000246 0.000251
2009 3 0.0 0.000126 0.000064
2009 4 0.0 0.000247 0.000127
2009 5 0.0 0.000239 0.000124
2009 6 0.0 0.0 0.000000
2009 7 0.000243 0.0 0.000119
2009 8 0.0 0.0 0.000000
2009 9 0.0 0.0 0.000000
2009 10 0.000117 0.000111 0.000114
2009 11 0.0 0.00022 0.000113
2009 12 0.000115 0.0 0.000056
2009 13 0.0 0.0 0.000000
2009 14 0.000219 0.0 0.000106
2009 15 0.00011 0.000204 0.000158
2009 16 0.0 0.000206 0.000107
2009 17 0.000114 0.000325 0.000222
2009 18 0.000241 0.000347 0.000295
2009 19 0.000476 0.000347 0.000411
2009 20 0.000451 0.000226 0.000339
2009 21 0.000447 0.000227 0.000338
2009 22 0.0 0.000787 0.000390
2009 23 0.000651 0.000882 0.000765
2009 24 0.0 0.000531 0.000263
2009 25 0.000207 0.000317 0.000261
2009 26 0.000409 0.000422 0.000415
2009 27 0.000412 0.000954 0.000678
2009 28 0.000203 0.000418 0.000309
2009 29 0.000196 0.001616 0.000896
2009 30 0.000288 0.000502 0.000393
2009 31 0.000282 0.000386 0.000333
2009 32 0.000644 0.000945 0.000792
2009 33 0.000445 9.2e-05 0.000272
2009 34 0.000609 0.00054 0.000575
2009 35 0.000597 0.000802 0.000698
2009 36 0.000685 0.000627 0.000657
2009 37 0.001069 0.001673 0.001365
2009 38 0.000554 0.000975 0.000759
2009 39 0.000373 0.001298 0.000820
2009 40 0.000634 0.001197 0.000903
2009 41 0.001134 0.001668 0.001386
2009 42 0.000918 0.000928 0.000922
2009 43 0.000785 0.001843 0.001289
2009 44 0.001212 0.001522 0.001360
2009 45 0.000896 0.002164 0.001502
2009 46 0.001155 0.002314 0.001711
2009 47 0.001229 0.002758 0.001963
2009 48 0.001651 0.002437 0.002029
2009 49 0.002629 0.002798 0.002711
2009 50 0.001288 0.003363 0.002292
2009 51 0.001478 0.003518 0.002464
2009 52 0.001054 0.004201 0.002587
2009 53 0.001551 0.004799 0.003140
2009 54 0.002427 0.004459 0.003419
2009 55 0.002031 0.004372 0.003173
2009 56 0.001941 0.005354 0.003609
2009 57 0.001748 0.005284 0.003478
2009 58 0.002831 0.005943 0.004361
2009 59 0.003004 0.006912 0.004925
2009 60 0.003093 0.006892 0.004952
2009 61 0.003549 0.008257 0.005858
2009 62 0.003476 0.009558 0.006443
2009 63 0.003324 0.008241 0.005681
2009 64 0.004572 0.010178 0.007216
2009 65 0.005426 0.011383 0.008193
2009 66 0.005409 0.013056 0.008909
2009 67 0.005752 0.01256 0.008833
2009 68 0.004491 0.015348 0.009372
2009 69 0.005347 0.01387 0.009149
2009 70 0.007713 0.015019 0.010935
2009 71 0.007546 0.01604 0.011286
2009 72 0.008708 0.019198 0.013325
2009 73 0.010305 0.020773 0.014878
2009 74 0.010017 0.026163 0.016977
2009 75 0.012397 0.030132 0.019939
2009 76 0.016488 0.033759 0.023817
2009 77 0.015555 0.036 0.024191
2009 78 0.020164 0.041239 0.028955
2009 79 0.021273 0.051274 0.033532
2009 80 0.022878 0.053682 0.035221
2009 81 0.02756 0.065221 0.042354
2009 82 0.029256 0.06869 0.044404
2009 83 0.035139 0.078564 0.050931
2009 84 0.0385 0.079166 0.052410
2009 85 0.047011 0.105375 0.065978
2009 86 0.056434 0.10825 0.072045
2009 87 0.063509 0.127288 0.081636
2009 88 0.076485 0.138605 0.093216
2009 89 0.082237 0.156894 0.101764
2009 90 0.089729 0.155077 0.106268
2009 91 0.114317 0.183402 0.131420
2009 92 0.130827 0.183094 0.143380
2009 93 0.163216 0.256322 0.183754
2009 94 0.158265 0.295175 0.186406
2009 95 0.19425 0.280241 0.211500
2009 96 0.193473 0.265934 0.207469
2009 97 0.249873 0.410275 0.276747
2009 98 0.21842 0.352537 0.239032
2009 99 0.317816 0.349902 0.322460
2009 100 0.409185 0.363197 0.402410
2010 0 0.002315 0.002953 0.002641
2010 1 0.000509 0.000245 0.000374
2010 2 0.000127 0.0 0.000062
2010 3 0.000257 0.000618 0.000441
2010 4 0.000262 0.000126 0.000193
2010 5 0.000131 0.0 0.000063
2010 6 0.0 0.000119 0.000062
2010 7 0.000124 0.0 0.000061
2010 8 0.0 0.0 0.000000
2010 9 0.00012 0.0 0.000058
2010 10 0.0 0.000113 0.000058
2010 11 0.0 0.0 0.000000
2010 12 0.0 0.00011 0.000057
2010 13 0.0 0.0 0.000000
2010 14 0.000114 0.0 0.000055
2010 15 0.00011 0.0 0.000053
2010 16 0.00044 0.000204 0.000318
2010 17 0.0 0.000208 0.000108
2010 18 0.000351 0.000446 0.000399
2010 19 0.000375 0.000242 0.000307
2010 20 0.0 0.000731 0.000369
2010 21 0.000234 0.000837 0.000533
2010 22 0.000462 0.000239 0.000352
2010 23 0.000338 0.000467 0.000401
2010 24 0.000328 0.000453 0.000389
2010 25 0.000314 0.001205 0.000751
2010 26 0.000205 0.000319 0.000261
2010 27 0.00041 0.000318 0.000365
2010 28 0.000411 0.000531 0.000470
2010 29 0.000101 0.000522 0.000309
2010 30 0.000494 0.001118 0.000802
2010 31 0.000287 0.000494 0.000389
2010 32 0.000563 0.00087 0.000714
2010 33 0.000551 0.000564 0.000557
2010 34 0.000447 0.00074 0.000591
2010 35 0.000524 0.000901 0.000710
2010 36 0.000682 0.000706 0.000694
2010 37 0.00077 0.00098 0.000873
2010 38 0.000268 0.000837 0.000547
2010 39 0.000553 0.000486 0.000520
2010 40 0.000468 0.000996 0.000724
2010 41 0.000902 0.001583 0.001227
2010 42 0.000697 0.00215 0.001383
2010 43 0.000826 0.001853 0.001310
2010 44 0.000491 0.002494 0.001444
2010 45 0.001036 0.001336 0.001179
2010 46 0.001436 0.001964 0.001688
2010 47 0.002131 0.001643 0.001897
2010 48 0.00123 0.002574 0.001876
2010 49 0.001654 0.003476 0.002532
2010 50 0.001366 0.003361 0.002334
2010 51 0.00225 0.004217 0.003201
2010 52 0.001231 0.004685 0.002898
2010 53 0.002277 0.004648 0.003430
2010 54 0.002024 0.004245 0.003110
2010 55 0.0022 0.005922 0.004016
2010 56 0.002397 0.005301 0.003812
2010 57 0.002872 0.005588 0.004197
2010 58 0.003984 0.006826 0.005373
2010 59 0.003774 0.006872 0.005296
2010 60 0.003202 0.007997 0.005558
2010 61 0.003525 0.008233 0.005828
2010 62 0.003295 0.009737 0.006451
2010 63 0.003784 0.009594 0.006614
2010 64 0.003125 0.009715 0.006278
2010 65 0.005158 0.011132 0.007970
2010 66 0.00467 0.011155 0.007674
2010 67 0.005008 0.011157 0.007814
2010 68 0.006266 0.013904 0.009711
2010 69 0.006647 0.017163 0.011353
2010 70 0.00679 0.017954 0.011746
2010 71 0.006939 0.016621 0.011188
2010 72 0.008107 0.018796 0.012787
2010 73 0.011333 0.021077 0.015596
2010 74 0.011069 0.02262 0.016081
2010 75 0.012038 0.024685 0.017443
2010 76 0.013403 0.032971 0.021636
2010 77 0.014868 0.033967 0.022883
2010 78 0.017116 0.037851 0.025768
2010 79 0.017945 0.045322 0.029191
2010 80 0.023339 0.054349 0.035956
2010 81 0.026101 0.059933 0.039386
2010 82 0.032541 0.064308 0.044757
2010 83 0.036743 0.077196 0.051923
2010 84 0.041668 0.088473 0.058238
2010 85 0.04373 0.095191 0.060740
2010 86 0.057104 0.119558 0.076629
2010 87 0.068253 0.122262 0.083914
2010 88 0.075719 0.145881 0.094791
2010 89 0.083383 0.157521 0.102293
2010 90 0.101143 0.177212 0.120074
2010 91 0.111716 0.202166 0.133305
2010 92 0.14936 0.240531 0.170672
2010 93 0.156179 0.251965 0.177984
2010 94 0.148025 0.246741 0.168032
2010 95 0.19534 0.29729 0.214552
2010 96 0.244672 0.300085 0.255148
2010 97 0.2653 0.346421 0.279724
2010 98 0.252482 0.353007 0.268035
2010 99 0.319618 0.52585 0.348044
2010 100 0.321153 0.366733 0.327497
2011 0 0.002204 0.001699 0.001943
2011 1 0.000644 0.000372 0.000505
2011 2 0.000255 0.00049 0.000375
2011 3 0.000254 0.000244 0.000249
2011 4 0.0 0.0 0.000000
2011 5 0.000131 0.000126 0.000128
2011 6 0.0 0.000122 0.000063
2011 7 0.000128 0.000237 0.000185
2011 8 0.0 0.0 0.000000
2011 9 0.000242 0.000116 0.000178
2011 10 0.00024 0.0 0.000116
2011 11 0.0 0.0 0.000000
2011 12 0.0 0.0 0.000000
2011 13 0.000117 0.00011 0.000113
2011 14 0.000231 0.00022 0.000226
2011 15 0.0 0.00022 0.000113
2011 16 0.000112 0.000424 0.000272
2011 17 0.000113 0.000421 0.000272
2011 18 0.000343 0.000216 0.000278
2011 19 0.0 0.000232 0.000118
2011 20 0.0 0.000127 0.000065
2011 21 0.000126 0.000378 0.000252
2011 22 0.000477 0.000859 0.000665
2011 23 0.000234 0.000976 0.000597
2011 24 0.000113 0.00071 0.000404
2011 25 0.000328 0.000346 0.000337
2011 26 0.000209 0.000546 0.000374
2011 27 0.000206 0.000536 0.000367
2011 28 0.000103 0.001275 0.000679
2011 29 0.000514 0.000745 0.000627
2011 30 0.000406 0.000537 0.000470
2011 31 0.000489 0.000503 0.000496
2011 32 0.000382 0.000791 0.000583
2011 33 0.000281 0.00077 0.000523
2011 34 9.2e-05 0.001035 0.000558
2011 35 0.000892 0.000746 0.000820
2011 36 0.000608 0.001347 0.000972
2011 37 0.000597 0.001229 0.000908
2011 38 0.000769 0.001067 0.000915
2011 39 0.000711 0.001481 0.001088
2011 40 0.000831 0.001561 0.001188
2011 41 0.001117 0.001591 0.001346
2011 42 0.001176 0.000993 0.001089
2011 43 0.00096 0.001858 0.001384
2011 44 0.001195 0.00103 0.001118
2011 45 0.00118 0.002395 0.001759
2011 46 0.001734 0.001813 0.001772
2011 47 0.001258 0.001865 0.001549
2011 48 0.001245 0.002892 0.002036
2011 49 0.001498 0.002294 0.001880
2011 50 0.001577 0.003476 0.002493
2011 51 0.001535 0.003444 0.002462
2011 52 0.001772 0.003622 0.002666
2011 53 0.002057 0.004256 0.003118
2011 54 0.002278 0.003971 0.003102
2011 55 0.002494 0.004762 0.003603
2011 56 0.002049 0.005429 0.003698
2011 57 0.003148 0.005461 0.004274
2011 58 0.002302 0.006743 0.004468
2011 59 0.003853 0.006397 0.005096
2011 60 0.003451 0.007177 0.005281
2011 61 0.002886 0.0076 0.005201
2011 62 0.003592 0.007475 0.005489
2011 63 0.003873 0.00963 0.006690
2011 64 0.004252 0.011415 0.007738
2011 65 0.00486 0.010342 0.007477
2011 66 0.005845 0.012165 0.008811
2011 67 0.004354 0.013538 0.008599
2011 68 0.005464 0.014048 0.009369
2011 69 0.00739 0.013964 0.010343
2011 70 0.007775 0.017955 0.012311
2011 71 0.007731 0.018216 0.012363
2011 72 0.008382 0.019748 0.013347
2011 73 0.010665 0.021937 0.015571
2011 74 0.010221 0.024987 0.016642
2011 75 0.012722 0.030517 0.020387
2011 76 0.014156 0.028899 0.020396
2011 77 0.016991 0.037406 0.025497
2011 78 0.019068 0.039351 0.027482
2011 79 0.021461 0.050026 0.033205
2011 80 0.022796 0.05166 0.034573
2011 81 0.027975 0.056626 0.039423
2011 82 0.03137 0.066304 0.044828
2011 83 0.034841 0.075595 0.050138
2011 84 0.043057 0.090906 0.060544
2011 85 0.04719 0.10079 0.065571
2011 86 0.053806 0.10436 0.069893
2011 87 0.067611 0.11801 0.082784
2011 88 0.075108 0.13824 0.092695
2011 89 0.091601 0.140666 0.104306
2011 90 0.107776 0.169201 0.122705
2011 91 0.120443 0.215439 0.142690
2011 92 0.127627 0.191964 0.141915
2011 93 0.159571 0.260398 0.181667
2011 94 0.179109 0.220991 0.188075
2011 95 0.201783 0.318178 0.223937
2011 96 0.250369 0.292755 0.257743
2011 97 0.244138 0.336702 0.260774
2011 98 0.303207 0.439226 0.325439
2011 99 0.29479 0.358189 0.303493
2011 100 0.381653 0.41553 0.386064
2012 0 0.00275 0.002163 0.002444
2012 1 0.000517 0.000121 0.000313
2012 2 0.0 0.000246 0.000126
2012 3 0.000127 0.000244 0.000186
2012 4 0.000127 0.000122 0.000124
2012 5 0.000128 0.000123 0.000126
2012 6 0.00013 0.0 0.000064
2012 7 0.0 0.000244 0.000126
2012 8 0.0 0.000119 0.000061
2012 9 0.000124 0.0 0.000060
2012 10 0.0 0.0 0.000000
2012 11 0.00012 0.000113 0.000116
2012 12 0.000236 0.000335 0.000287
2012 13 0.000117 0.0 0.000057
2012 14 0.0 0.000219 0.000113
2012 15 0.000242 0.000111 0.000174
2012 16 0.0 0.000114 0.000058
2012 17 0.0 0.000555 0.000284
2012 18 0.000233 0.000222 0.000228
2012 19 0.000118 0.000114 0.000116
2012 20 0.000246 0.000242 0.000244
2012 21 0.000515 0.000764 0.000640
2012 22 0.000126 0.000127 0.000127
2012 23 0.000597 0.000862 0.000728
2012 24 0.000234 0.000487 0.000358
2012 25 0.000341 0.000589 0.000462
2012 26 0.000437 0.000455 0.000446
2012 27 0.000419 0.000764 0.000588
2012 28 0.000308 0.000961 0.000629
2012 29 0.000102 0.000532 0.000314
2012 30 0.0 0.000856 0.000421
2012 31 0.000404 0.000415 0.000410
2012 32 0.000683 0.000905 0.000792
2012 33 0.000477 0.000983 0.000726
2012 34 0.000187 0.000671 0.000426
2012 35 0.000275 0.000859 0.000563
2012 36 0.000266 0.000921 0.000588
2012 37 0.000867 0.000982 0.000924
2012 38 0.000255 0.001139 0.000691
2012 39 0.000597 0.001067 0.000827
2012 40 0.000887 0.001203 0.001042
2012 41 0.001012 0.000962 0.000987
2012 42 0.00065 0.001386 0.001007
2012 43 0.000632 0.001975 0.001274
2012 44 0.000524 0.002439 0.001429
2012 45 0.001012 0.00227 0.001606
2012 46 0.000787 0.001517 0.001134
2012 47 0.00156 0.002566 0.002041
2012 48 0.001619 0.002163 0.001879
2012 49 0.001335 0.002612 0.001948
2012 50 0.00159 0.002212 0.001888
2012 51 0.001134 0.004044 0.002537
2012 52 0.001618 0.003349 0.002458
2012 53 0.002094 0.004403 0.003210
2012 54 0.002305 0.004516 0.003371
2012 55 0.001877 0.005618 0.003696
2012 56 0.002338 0.005985 0.004118
2012 57 0.00296 0.004962 0.003936
2012 58 0.003522 0.006033 0.004744
2012 59 0.003092 0.004779 0.003914
2012 60 0.003717 0.008249 0.005932
2012 61 0.002434 0.007532 0.004935
2012 62 0.003402 0.008487 0.005897
2012 63 0.003284 0.010894 0.006995
2012 64 0.003818 0.01178 0.007704
2012 65 0.004573 0.011094 0.007741
2012 66 0.005278 0.012438 0.008686
2012 67 0.005198 0.016898 0.010672
2012 68 0.005835 0.014012 0.009599
2012 69 0.006694 0.015242 0.010570
2012 70 0.006927 0.017677 0.011734
2012 71 0.008652 0.018531 0.013031
2012 72 0.008059 0.020026 0.013319
2012 73 0.010222 0.020349 0.014623
2012 74 0.010337 0.023541 0.016049
2012 75 0.013026 0.026914 0.019023
2012 76 0.013308 0.032992 0.021716
2012 77 0.015136 0.033995 0.023041
2012 78 0.014988 0.040806 0.025626
2012 79 0.019884 0.048723 0.031675
2012 80 0.021734 0.050165 0.033308
2012 81 0.028389 0.063891 0.042613
2012 82 0.030163 0.068593 0.045220
2012 83 0.037161 0.073157 0.050698
2012 84 0.043068 0.08919 0.059930
2012 85 0.051881 0.100699 0.069190
2012 86 0.055802 0.105692 0.072344
2012 87 0.065568 0.122221 0.082973
2012 88 0.084968 0.145275 0.102387
2012 89 0.083729 0.161542 0.104470
2012 90 0.10387 0.179996 0.122717
2012 91 0.124583 0.203307 0.142614
2012 92 0.136273 0.204396 0.151365
2012 93 0.149595 0.229709 0.166139
2012 94 0.185245 0.277615 0.204402
2012 95 0.2158 0.295174 0.231763
2012 96 0.222219 0.369327 0.248219
2012 97 0.278166 0.328078 0.286337
2012 98 0.246502 0.390042 0.270224
2012 99 0.296186 0.474299 0.322352
2012 100 0.350602 0.428775 0.361216
2013 0 0.002739 0.002438 0.002583
2013 1 0.000131 0.000603 0.000377
2013 2 0.000258 0.000243 0.000250
2013 3 0.0 0.000245 0.000125
2013 4 0.0 0.000121 0.000062
2013 5 0.000126 0.0 0.000062
2013 6 0.0 0.000245 0.000125
2013 7 0.00013 0.0 0.000064
2013 8 0.0 0.000244 0.000126
2013 9 0.0 0.000118 0.000061
2013 10 0.000124 0.000236 0.000181
2013 11 0.000241 0.0 0.000118
2013 12 0.0 0.0 0.000000
2013 13 0.0 0.0 0.000000
2013 14 0.0 0.000219 0.000113
2013 15 0.000236 0.0 0.000114
2013 16 0.0 0.0 0.000000
2013 17 0.000492 0.000118 0.000302
2013 18 0.000361 0.00035 0.000355
2013 19 0.000121 0.000471 0.000299
2013 20 0.000366 0.00084 0.000605
2013 21 0.0 0.000498 0.000250
2013 22 0.00013 0.00078 0.000454
2013 23 0.000126 0.0 0.000064
2013 24 0.00012 0.000372 0.000244
2013 25 0.000467 0.000491 0.000479
2013 26 0.000225 0.000821 0.000516
2013 27 0.000327 0.000226 0.000278
2013 28 0.000314 0.000108 0.000213
2013 29 0.00062 0.000849 0.000733
2013 30 0.000616 0.000424 0.000521
2013 31 0.000409 0.000841 0.000622
2013 32 0.000202 0.000415 0.000307
2013 33 0.000584 0.000699 0.000641
2013 34 0.000286 0.000589 0.000435
2013 35 0.000653 0.000572 0.000613
2013 36 0.000548 0.000656 0.000602
2013 37 0.000443 0.000737 0.000587
2013 38 0.000779 0.000444 0.000614
2013 39 0.000595 0.001138 0.000863
2013 40 0.000851 0.001246 0.001045
2013 41 0.000708 0.000919 0.000812
2013 42 0.000367 0.000769 0.000564
2013 43 0.000743 0.001882 0.001295
2013 44 0.000542 0.001876 0.001181
2013 45 0.000788 0.002055 0.001387
2013 46 0.001196 0.002268 0.001702
2013 47 0.00128 0.001518 0.001393
2013 48 0.001303 0.002002 0.001637
2013 49 0.001532 0.002662 0.002073
2013 50 0.001609 0.002625 0.002096
2013 51 0.001767 0.00297 0.002344
2013 52 0.00131 0.002825 0.002040
2013 53 0.001959 0.003632 0.002770
2013 54 0.001695 0.004504 0.003051
2013 55 0.00198 0.004278 0.003088
2013 56 0.001959 0.006064 0.003952
2013 57 0.002266 0.005424 0.003806
2013 58 0.003044 0.005215 0.004102
2013 59 0.002555 0.0062 0.004328
2013 60 0.002739 0.005861 0.004261
2013 61 0.003229 0.00701 0.005076
2013 62 0.002637 0.008596 0.005558
2013 63 0.004824 0.008203 0.006479
2013 64 0.00391 0.011323 0.007516
2013 65 0.003958 0.008765 0.006300
2013 66 0.005053 0.011908 0.008376
2013 67 0.004584 0.012338 0.008263
2013 68 0.005894 0.012991 0.009202
2013 69 0.006046 0.014776 0.010056
2013 70 0.005787 0.017249 0.010960
2013 71 0.007806 0.018694 0.012647
2013 72 0.008051 0.016618 0.011829
2013 73 0.008038 0.021557 0.013947
2013 74 0.009949 0.023749 0.015908
2013 75 0.012115 0.026206 0.018168
2013 76 0.011745 0.030146 0.019626
2013 77 0.015226 0.029497 0.021267
2013 78 0.018977 0.037899 0.026828
2013 79 0.020133 0.046649 0.030909
2013 80 0.024836 0.047606 0.034098
2013 81 0.024948 0.057165 0.037827
2013 82 0.030268 0.066659 0.044538
2013 83 0.033068 0.07214 0.048032
2013 84 0.039276 0.082249 0.055024
2013 85 0.047931 0.0957 0.064887
2013 86 0.051755 0.116194 0.073814
2013 87 0.064559 0.126307 0.084240
2013 88 0.074045 0.132144 0.091169
2013 89 0.084401 0.142735 0.100428
2013 90 0.098673 0.166726 0.115974
2013 91 0.116818 0.18213 0.132046
2013 92 0.127738 0.213839 0.146388
2013 93 0.16315 0.240791 0.179227
2013 94 0.177487 0.275345 0.196597
2013 95 0.193487 0.249724 0.204272
2013 96 0.244075 0.312699 0.256879
2013 97 0.274002 0.338417 0.284629
2013 98 0.301517 0.388458 0.314493
2013 99 0.297266 0.4169 0.314816
2013 100 0.385375 0.511024 0.402828
2014 0 0.001586 0.001632 0.001610
2014 1 0.000526 0.000245 0.000380
2014 2 0.000262 0.000485 0.000378
2014 3 0.0 0.0 0.000000
2014 4 0.0 0.000122 0.000062
2014 5 0.000126 0.0 0.000062
2014 6 0.000252 0.0 0.000123
2014 7 0.000127 0.000245 0.000187
2014 8 0.0 0.000125 0.000064
2014 9 0.0 0.0 0.000000
2014 10 0.000127 0.0 0.000061
2014 11 0.0 0.000118 0.000060
2014 12 0.0 0.000115 0.000059
2014 13 0.0 0.0 0.000000
2014 14 0.0 0.000553 0.000285
2014 15 0.0 0.000109 0.000056
2014 16 0.000237 0.0 0.000114
2014 17 0.000245 0.000231 0.000238
2014 18 0.000254 0.000493 0.000376
2014 19 0.0 0.000123 0.000062
2014 20 0.000126 0.000125 0.000126
2014 21 0.000253 0.000636 0.000444
2014 22 0.000128 0.00026 0.000194
2014 23 0.000391 0.00053 0.000460
2014 24 0.0 0.000911 0.000450
2014 25 0.0 0.000622 0.000306
2014 26 0.000466 0.000243 0.000357
2014 27 0.000112 0.000467 0.000286
2014 28 0.00022 0.001014 0.000610
2014 29 0.000209 0.000865 0.000531
2014 30 0.000103 0.000848 0.000470
2014 31 0.000204 0.000839 0.000518
2014 32 0.000102 0.000314 0.000207
2014 33 0.000805 0.000618 0.000713
2014 34 9.7e-05 0.000998 0.000542
2014 35 0.00095 0.000784 0.000868
2014 36 9.3e-05 0.000572 0.000330
2014 37 0.000456 0.000846 0.000649
2014 38 0.000531 0.000915 0.000719
2014 39 0.000867 0.000977 0.000921
2014 40 8.5e-05 0.001055 0.000563
2014 41 0.000765 0.001595 0.001172
2014 42 0.000619 0.001378 0.000992
2014 43 0.001009 0.000766 0.000890
2014 44 0.000557 0.001386 0.000959
2014 45 0.000995 0.001781 0.001371
2014 46 0.002101 0.002048 0.002076
2014 47 0.001197 0.002166 0.001655
2014 48 0.00138 0.003033 0.002168
2014 49 0.00148 0.002 0.001729
2014 50 0.001174 0.00267 0.001890
2014 51 0.001699 0.003502 0.002564
2014 52 0.001502 0.003173 0.002304
2014 53 0.001835 0.003209 0.002497
2014 54 0.001705 0.004553 0.003085
2014 55 0.001942 0.004795 0.003318
2014 56 0.002068 0.005979 0.003951
2014 57 0.002613 0.004086 0.003328
2014 58 0.002812 0.006263 0.004494
2014 59 0.002588 0.005546 0.004029
2014 60 0.003762 0.007104 0.005386
2014 61 0.003969 0.007302 0.005593
2014 62 0.003373 0.008423 0.005839
2014 63 0.003525 0.009636 0.006517
2014 64 0.00439 0.009525 0.006902
2014 65 0.004236 0.012183 0.008093
2014 66 0.004616 0.011671 0.008045
2014 67 0.005538 0.012912 0.009104
2014 68 0.006344 0.012811 0.009401
2014 69 0.005537 0.017301 0.011001
2014 70 0.007214 0.016005 0.011237
2014 71 0.006081 0.018999 0.011882
2014 72 0.00803 0.020483 0.013539
2014 73 0.0093 0.021047 0.014449
2014 74 0.010669 0.01936 0.014448
2014 75 0.011016 0.024021 0.016600
2014 76 0.012261 0.026414 0.018291
2014 77 0.013889 0.031284 0.021286
2014 78 0.016539 0.038529 0.025760
2014 79 0.020263 0.040099 0.028397
2014 80 0.022059 0.045108 0.031315
2014 81 0.025435 0.053393 0.036636
2014 82 0.02909 0.065475 0.043348
2014 83 0.034714 0.07535 0.050284
2014 84 0.040521 0.078939 0.054893
2014 85 0.047175 0.094822 0.064141
2014 86 0.055234 0.102477 0.071444
2014 87 0.06529 0.117285 0.082416
2014 88 0.071954 0.120849 0.086976
2014 89 0.094901 0.13145 0.105298
2014 90 0.099104 0.169465 0.117661
2014 91 0.110234 0.188722 0.129129
2014 92 0.135928 0.193939 0.148723
2014 93 0.150187 0.231542 0.166730
2014 94 0.164139 0.26314 0.183248
2014 95 0.196911 0.248739 0.206355
2014 96 0.215363 0.289625 0.228912
2014 97 0.229294 0.334905 0.247755
2014 98 0.260806 0.344749 0.273623
2014 99 0.338527 0.37297 0.343270
2014 100 0.326134 0.364452 0.331306
2015 0 0.000537 0.001951 0.001256
2015 1 0.000807 0.000766 0.000786
2015 2 0.000264 0.000123 0.000191
2015 3 0.000131 0.000122 0.000126
2015 4 0.0 0.0 0.000000
2015 5 0.0 0.0 0.000000
2015 6 0.0 0.000121 0.000061
2015 7 0.000251 0.0 0.000123
2015 8 0.000127 0.0 0.000062
2015 9 0.000259 0.0 0.000127
2015 10 0.000258 0.000121 0.000188
2015 11 0.0 0.0 0.000000
2015 12 0.0 0.0 0.000000
2015 13 0.00012 0.0 0.000059
2015 14 0.000238 0.000224 0.000231
2015 15 0.0 0.000222 0.000114
2015 16 0.000234 0.0 0.000113
2015 17 0.00012 0.00011 0.000115
2015 18 0.000376 0.000236 0.000304
2015 19 0.000526 0.000257 0.000389
2015 20 0.000389 0.000258 0.000324
2015 21 0.0 0.000265 0.000132
2015 22 0.000133 0.000537 0.000332
2015 23 0.00013 0.000804 0.000463
2015 24 0.000131 0.00081 0.000466
2015 25 0.0 0.000533 0.000262
2015 26 0.00024 0.000625 0.000429
2015 27 0.000117 0.000484 0.000297
2015 28 0.000112 0.000116 0.000114
2015 29 0.000434 0.000561 0.000497
2015 30 0.000631 0.00065 0.000640
2015 31 0.000103 0.000529 0.000313
2015 32 0.000817 0.000314 0.000568
2015 33 0.000611 0.000417 0.000515
2015 34 0.000502 0.00144 0.000966
2015 35 0.000388 0.000796 0.000590
2015 36 0.000285 0.001071 0.000673
2015 37 0.000558 0.001331 0.000941
2015 38 0.000728 0.000561 0.000645
2015 39 0.000797 0.001012 0.000903
2015 40 0.000608 0.001158 0.000880
2015 41 0.000678 0.001136 0.000904
2015 42 0.000255 0.001326 0.000780
2015 43 0.001062 0.001285 0.001171
2015 44 0.000917 0.001243 0.001076
2015 45 0.000928 0.001783 0.001342
2015 46 0.001359 0.002367 0.001842
2015 47 0.00114 0.002053 0.001573
2015 48 0.001383 0.002378 0.001853
2015 49 0.001186 0.002284 0.001710
2015 50 0.001485 0.002965 0.002192
2015 51 0.001536 0.002564 0.002028
2015 52 0.001521 0.002731 0.002101
2015 53 0.002213 0.003177 0.002676
2015 54 0.001486 0.005186 0.003268
2015 55 0.00222 0.003569 0.002873
2015 56 0.002834 0.005145 0.003948
2015 57 0.00207 0.004478 0.003229
2015 58 0.001637 0.0061 0.003800
2015 59 0.002739 0.005368 0.004019
2015 60 0.002974 0.007178 0.005020
2015 61 0.003386 0.006386 0.004843
2015 62 0.003034 0.007476 0.005197
2015 63 0.003451 0.008593 0.005959
2015 64 0.003195 0.009523 0.006290
2015 65 0.004268 0.009916 0.007026
2015 66 0.005809 0.010995 0.008320
2015 67 0.004702 0.011497 0.007999
2015 68 0.005718 0.015722 0.010542
2015 69 0.005861 0.014235 0.009805
2015 70 0.007246 0.016393 0.011478
2015 71 0.007619 0.019588 0.013072
2015 72 0.008317 0.018678 0.012945
2015 73 0.009385 0.020762 0.014390
2015 74 0.010063 0.024561 0.016379
2015 75 0.011536 0.026562 0.018032
2015 76 0.012595 0.025544 0.018111
2015 77 0.014579 0.035929 0.023607
2015 78 0.012951 0.034545 0.022028
2015 79 0.019343 0.041063 0.028341
2015 80 0.019876 0.04165 0.028701
2015 81 0.025821 0.054668 0.037243
2015 82 0.029918 0.06198 0.042526
2015 83 0.033902 0.072542 0.048692
2015 84 0.04126 0.081172 0.056202
2015 85 0.043478 0.095613 0.062449
2015 86 0.05257 0.103794 0.070233
2015 87 0.061418 0.114034 0.078872
2015 88 0.075769 0.131289 0.093381
2015 89 0.085267 0.141027 0.101848
2015 90 0.095259 0.169606 0.115563
2015 91 0.113787 0.200869 0.135406
2015 92 0.120255 0.181438 0.134237
2015 93 0.135774 0.223723 0.154118
2015 94 0.16348 0.234787 0.177017
2015 95 0.206806 0.27548 0.219344
2015 96 0.20739 0.250712 0.214875
2015 97 0.242313 0.359559 0.261921
2015 98 0.274786 0.469004 0.305728
2015 99 0.30455 0.404079 0.318332
2015 100 0.274843 0.442772 0.297081
2016 0 0.002055 0.001854 0.001953
2016 1 0.000677 0.000657 0.000667
2016 2 0.0 0.0 0.000000
2016 3 0.000264 0.000123 0.000191
2016 4 0.000261 0.000122 0.000189
2016 5 0.000384 0.000121 0.000249
2016 6 0.0 0.0 0.000000
2016 7 0.0 0.00012 0.000061
2016 8 0.0 0.0 0.000000
2016 9 0.0 0.0 0.000000
2016 10 0.0 0.0 0.000000
2016 11 0.0 0.000121 0.000062
2016 12 0.0 0.0 0.000000
2016 13 0.0 0.0 0.000000
2016 14 0.000242 0.0 0.000118
2016 15 0.0 0.000114 0.000059
2016 16 0.00024 0.000227 0.000233
2016 17 0.0 0.000335 0.000173
2016 18 0.000123 0.000342 0.000237
2016 19 0.000388 0.000246 0.000315
2016 20 0.000271 0.0004 0.000336
2016 21 0.000401 0.000402 0.000401
2016 22 0.000403 0.000275 0.000339
2016 23 0.0004 0.000413 0.000406
2016 24 0.000263 0.000408 0.000334
2016 25 0.000264 0.000819 0.000536
2016 26 0.000255 0.000659 0.000453
2016 27 0.000361 0.000622 0.000489
2016 28 0.000117 0.000121 0.000119
2016 29 0.000112 0.001045 0.000570
2016 30 0.000109 0.000566 0.000334
2016 31 0.000104 0.000753 0.000423
2016 32 0.000307 0.000529 0.000417
2016 33 0.000102 0.001357 0.000723
2016 34 0.000508 0.000728 0.000617
2016 35 0.000701 0.000929 0.000814
2016 36 0.000484 0.000791 0.000636
2016 37 0.000664 0.001166 0.000912
2016 38 0.000743 0.000474 0.000610
2016 39 0.000455 0.000838 0.000645
2016 40 0.000706 0.001279 0.000988
2016 41 0.001123 0.001147 0.001135
2016 42 0.000762 0.001134 0.000946
2016 43 0.000765 0.001325 0.001040
2016 44 0.000354 0.001557 0.000945
2016 45 0.001101 0.001438 0.001266
2016 46 0.000745 0.001383 0.001054
2016 47 0.00118 0.001775 0.001465
2016 48 0.001496 0.002248 0.001852
2016 49 0.001755 0.002789 0.002244
2016 50 0.001586 0.003601 0.002548
2016 51 0.000875 0.003053 0.001917
2016 52 0.0019 0.003757 0.002789
2016 53 0.001795 0.004106 0.002903
2016 54 0.001954 0.003666 0.002775
2016 55 0.001663 0.003128 0.002368
2016 56 0.002478 0.004018 0.003223
2016 57 0.00235 0.004545 0.003408
2016 58 0.002902 0.005292 0.004052
2016 59 0.002292 0.004976 0.003592
2016 60 0.002666 0.006714 0.004637
2016 61 0.003202 0.006465 0.004789
2016 62 0.00332 0.0076 0.005398
2016 63 0.002967 0.009652 0.006219
2016 64 0.00367 0.011932 0.007694
2016 65 0.00416 0.010382 0.007200
2016 66 0.004802 0.011353 0.007994
2016 67 0.00533 0.012825 0.008952
2016 68 0.006739 0.012612 0.009580
2016 69 0.006534 0.016762 0.011448
2016 70 0.006729 0.013867 0.010076
2016 71 0.00719 0.018049 0.012189
2016 72 0.008576 0.017389 0.012572
2016 73 0.007597 0.017264 0.011890
2016 74 0.008606 0.025016 0.015770
2016 75 0.00966 0.024731 0.016173
2016 76 0.013079 0.029423 0.020082
2016 77 0.014637 0.032741 0.022281
2016 78 0.016441 0.032244 0.023050
2016 79 0.020658 0.04063 0.028954
2016 80 0.020124 0.043885 0.029847
2016 81 0.026079 0.053147 0.036892
2016 82 0.027234 0.055773 0.038332
2016 83 0.033514 0.069006 0.047201
2016 84 0.040469 0.081312 0.055749
2016 85 0.047925 0.087723 0.062414
2016 86 0.054427 0.102107 0.071274
2016 87 0.057656 0.108681 0.074701
2016 88 0.073806 0.133111 0.092728
2016 89 0.089552 0.145424 0.106594
2016 90 0.099453 0.16295 0.117539
2016 91 0.120335 0.175055 0.134526
2016 92 0.136493 0.207319 0.153297
2016 93 0.152915 0.235781 0.170684
2016 94 0.175144 0.263262 0.192340
2016 95 0.194332 0.245871 0.203682
2016 96 0.217004 0.321075 0.235147
2016 97 0.243554 0.331631 0.257417
2016 98 0.28284 0.359575 0.294528
2016 99 0.324992 0.390321 0.334515
2016 100 0.356514 0.30134 0.349285
2017 0 0.001669 0.001605 0.001636
2017 1 0.000684 0.000396 0.000538
2017 2 0.0 0.0 0.000000
2017 3 0.0 0.0 0.000000
2017 4 0.000132 0.0 0.000063
2017 5 0.000131 0.0 0.000063
2017 6 0.000384 0.000362 0.000373
2017 7 0.0 0.0 0.000000
2017 8 0.0 0.00012 0.000061
2017 9 0.0 0.0 0.000000
2017 10 0.0 0.0 0.000000
2017 11 0.0 0.000124 0.000063
2017 12 0.0 0.0 0.000000
2017 13 0.0 0.0 0.000000
2017 14 0.0 0.0 0.000000
2017 15 0.0 0.0 0.000000
2017 16 0.000124 0.000118 0.000121
2017 17 0.0 0.000474 0.000242
2017 18 0.000124 0.000235 0.000181
2017 19 0.000256 0.0 0.000124
2017 20 0.000267 0.00051 0.000391
2017 21 0.000278 0.000681 0.000481
2017 22 0.000273 0.000683 0.000478
2017 23 0.000272 0.000558 0.000414
2017 24 0.0 0.000554 0.000273
2017 25 0.000266 0.001517 0.000882
2017 26 0.0 0.0 0.000000
2017 27 0.000384 0.000264 0.000325
2017 28 0.0 0.001122 0.000552
2017 29 0.000585 0.000606 0.000595
2017 30 0.000337 0.000475 0.000405
2017 31 0.000544 0.000671 0.000607
2017 32 0.000208 0.000751 0.000476
2017 33 0.000409 0.000315 0.000363
2017 34 0.0 0.000726 0.000360
2017 35 0.000206 0.000418 0.000311
2017 36 0.0001 0.000305 0.000202
2017 37 0.000193 0.00059 0.000390
2017 38 0.000476 0.001353 0.000910
2017 39 0.000838 0.000661 0.000750
2017 40 0.000728 0.001027 0.000876
2017 41 0.00053 0.001361 0.000940
2017 42 0.000519 0.001234 0.000873
2017 43 0.000932 0.001828 0.001374
2017 44 0.000425 0.001676 0.001039
2017 45 0.00062 0.001926 0.001263
2017 46 0.00092 0.001624 0.001265
2017 47 0.001214 0.001978 0.001585
2017 48 0.001273 0.001673 0.001465
2017 49 0.001673 0.002246 0.001945
2017 50 0.001486 0.001455 0.001472
2017 51 0.001786 0.001959 0.001869
2017 52 0.001664 0.002866 0.002239
2017 53 0.001544 0.004254 0.002840
2017 54 0.001436 0.002737 0.002059
2017 55 0.001509 0.004628 0.003005
2017 56 0.002716 0.00378 0.003228
2017 57 0.002479 0.005297 0.003843
2017 58 0.002436 0.005162 0.003750
2017 59 0.002324 0.00592 0.004054
2017 60 0.00279 0.006128 0.004406
2017 61 0.003921 0.006553 0.005201
2017 62 0.003825 0.007943 0.005827
2017 63 0.003397 0.007474 0.005375
2017 64 0.004575 0.009472 0.006954
2017 65 0.004965 0.010587 0.007699
2017 66 0.00479 0.010378 0.007515
2017 67 0.005472 0.011236 0.008274
2017 68 0.006059 0.013723 0.009752
2017 69 0.006394 0.015785 0.010923
2017 70 0.006743 0.016422 0.011377
2017 71 0.006774 0.016598 0.011355
2017 72 0.008663 0.019073 0.013435
2017 73 0.008921 0.022441 0.015014
2017 74 0.008736 0.022064 0.014614
2017 75 0.011745 0.024965 0.017471
2017 76 0.011087 0.029991 0.019181
2017 77 0.01231 0.026337 0.018265
2017 78 0.014389 0.037277 0.023964
2017 79 0.020176 0.039342 0.028093
2017 80 0.022229 0.042809 0.030678
2017 81 0.024898 0.050261 0.035137
2017 82 0.024691 0.052783 0.035722
2017 83 0.036074 0.062946 0.046338
2017 84 0.039565 0.074613 0.052805
2017 85 0.047375 0.090983 0.063282
2017 86 0.053805 0.097493 0.069279
2017 87 0.063931 0.117872 0.082428
2017 88 0.071546 0.131478 0.090809
2017 89 0.090252 0.147443 0.107797
2017 90 0.097575 0.14714 0.112110
2017 91 0.114275 0.183542 0.133166
2017 92 0.132489 0.193486 0.147695
2017 93 0.139616 0.207757 0.154840
2017 94 0.169168 0.250971 0.185611
2017 95 0.21113 0.302105 0.227728
2017 96 0.215396 0.301778 0.230328
2017 97 0.265016 0.402595 0.286827
2017 98 0.277416 0.283589 0.278290
2017 99 0.335017 0.399681 0.344487
2017 100 0.403785 0.39057 0.401888
2018 0 0.00283 0.001777 0.002294
2018 1 0.00028 0.000134 0.000205
2018 2 0.000137 0.000263 0.000201
2018 3 0.000134 0.00013 0.000132
2018 4 0.0 0.0 0.000000
2018 5 0.000131 0.000122 0.000127
2018 6 0.0 0.0 0.000000
2018 7 0.0 0.000121 0.000062
2018 8 0.0 0.000121 0.000062
2018 9 0.000125 0.0 0.000061
2018 10 0.0 0.00012 0.000061
2018 11 0.000254 0.0 0.000124
2018 12 0.0 0.000124 0.000063
2018 13 0.0 0.0 0.000000
2018 14 0.0 0.0 0.000000
2018 15 0.0 0.0 0.000000
2018 16 0.000125 0.00012 0.000122
2018 17 0.00051 0.000122 0.000312
2018 18 0.000129 0.000372 0.000252
2018 19 0.000259 0.000372 0.000317
2018 20 0.000401 0.00038 0.000390
2018 21 0.000138 0.000265 0.000203
2018 22 0.0 0.00014 0.000070
2018 23 0.000139 0.00028 0.000210
2018 24 0.000138 0.000282 0.000209
2018 25 0.0 0.000699 0.000345
2018 26 0.000134 0.000275 0.000203
2018 27 0.000534 0.000275 0.000406
2018 28 0.000129 0.000133 0.000131
2018 29 0.000121 0.000627 0.000370
2018 30 0.000235 0.000244 0.000239
2018 31 0.000226 0.000117 0.000172
2018 32 0.00055 0.000447 0.000499
2018 33 0.000104 0.000856 0.000475
2018 34 0.000102 0.000628 0.000362
2018 35 0.000102 0.00083 0.000463
2018 36 0.000507 0.000619 0.000563
2018 37 0.000399 0.000912 0.000653
2018 38 0.000289 0.001175 0.000729
2018 39 0.000189 0.000481 0.000334
2018 40 0.000278 0.001045 0.000659
2018 41 0.001002 0.001201 0.001101
2018 42 0.000619 0.001449 0.001029
2018 43 0.000692 0.000617 0.000655
2018 44 0.000508 0.001132 0.000816
2018 45 0.000425 0.002471 0.001430
2018 46 0.001064 0.001642 0.001349
2018 47 0.001568 0.002009 0.001784
2018 48 0.001122 0.002079 0.001587
2018 49 0.001185 0.002563 0.001847
2018 50 0.001234 0.001864 0.001533
2018 51 0.001299 0.00186 0.001565
2018 52 0.001392 0.002618 0.001978
2018 53 0.001402 0.002397 0.001878
2018 54 0.001905 0.004366 0.003082
2018 55 0.001887 0.004017 0.002907
2018 56 0.001687 0.005302 0.003421
2018 57 0.002106 0.003975 0.003006
2018 58 0.002909 0.004669 0.003761
2018 59 0.002844 0.006823 0.004761
2018 60 0.003075 0.006926 0.004927
2018 61 0.002951 0.006565 0.004700
2018 62 0.003768 0.007145 0.005409
2018 63 0.003139 0.007392 0.005204
2018 64 0.004318 0.008388 0.006291
2018 65 0.003577 0.00953 0.006467
2018 66 0.004413 0.010255 0.007253
2018 67 0.003228 0.012922 0.007946
2018 68 0.005428 0.012958 0.009076
2018 69 0.006469 0.01431 0.010233
2018 70 0.007299 0.014374 0.010700
2018 71 0.00821 0.01647 0.012150
2018 72 0.00599 0.018479 0.011784
2018 73 0.007235 0.021899 0.013914
2018 74 0.009465 0.026433 0.017052
2018 75 0.010817 0.02673 0.017773
2018 76 0.01313 0.027676 0.019374
2018 77 0.013531 0.030441 0.020699
2018 78 0.019052 0.034806 0.025672
2018 79 0.014145 0.033569 0.022176
2018 80 0.019371 0.040305 0.027917
2018 81 0.022586 0.049287 0.033395
2018 82 0.024699 0.055611 0.036984
2018 83 0.031244 0.06049 0.042530
2018 84 0.034185 0.068989 0.047237
2018 85 0.043572 0.090914 0.061012
2018 86 0.053836 0.098971 0.069830
2018 87 0.060044 0.110336 0.077329
2018 88 0.065463 0.123118 0.084552
2018 89 0.080337 0.135296 0.097304
2018 90 0.093174 0.172148 0.116413
2018 91 0.109344 0.193111 0.132682
2018 92 0.121094 0.207054 0.143390
2018 93 0.145712 0.227948 0.165071
2018 94 0.173763 0.245487 0.188943
2018 95 0.205191 0.296863 0.222226
2018 96 0.210635 0.298354 0.225654
2018 97 0.24858 0.301967 0.257271
2018 98 0.289323 0.396901 0.305338
2018 99 0.277845 0.338211 0.286016
2018 100 0.325766 0.513421 0.352197
2019 0 0.001051 0.00286 0.001978
2019 1 0.000285 0.000138 0.000210
2019 2 0.00014 0.000269 0.000206
2019 3 0.000273 0.000263 0.000268
2019 4 0.000133 0.000129 0.000131
2019 5 0.000133 0.0 0.000065
2019 6 0.000131 0.0 0.000063
2019 7 0.0 0.000364 0.000189
2019 8 0.0 0.000121 0.000062
2019 9 0.0 0.000121 0.000062
2019 10 0.0 0.0 0.000000
2019 11 0.0 0.0 0.000000
2019 12 0.000254 0.0 0.000124
2019 13 0.0 0.000247 0.000127
2019 14 0.0 0.0 0.000000
2019 15 0.0 0.000232 0.000121
2019 16 0.000125 0.000118 0.000121
2019 17 0.0 0.000244 0.000125
2019 18 0.000131 0.000508 0.000322
2019 19 0.000267 0.00065 0.000461
2019 20 0.000135 0.000659 0.000401
2019 21 0.0 0.000534 0.000273
2019 22 0.000285 0.000414 0.000351
2019 23 0.000146 0.000716 0.000434
2019 24 0.000284 0.000568 0.000426
2019 25 0.00014 0.000431 0.000284
2019 26 0.000275 0.000421 0.000347
2019 27 0.000405 0.000138 0.000273
2019 28 0.000134 0.000139 0.000137
2019 29 0.000129 0.000531 0.000328
2019 30 0.0 0.000633 0.000312
2019 31 0.000118 0.000121 0.000119
2019 32 0.000113 0.000116 0.000115
2019 33 0.000546 0.000446 0.000497
2019 34 0.000416 0.000535 0.000475
2019 35 0.000409 0.000738 0.000571
2019 36 0.000305 0.000516 0.000410
2019 37 0.000607 0.000309 0.000459
2019 38 0.000697 0.000907 0.000801
2019 39 0.000193 0.000974 0.000581
2019 40 0.001136 0.000969 0.001053
2019 41 0.000185 0.001126 0.000653
2019 42 0.000639 0.001292 0.000964
2019 43 0.000354 0.001627 0.000984
2019 44 0.000606 0.001319 0.000960
2019 45 0.001188 0.001738 0.001460
2019 46 0.001191 0.001849 0.001515
2019 47 0.000799 0.002463 0.001620
2019 48 0.001294 0.001723 0.001505
2019 49 0.001596 0.001788 0.001690
2019 50 0.001551 0.002074 0.001803
2019 51 0.001589 0.003029 0.002273
2019 52 0.001768 0.002587 0.002156
2019 53 0.001595 0.004255 0.002866
2019 54 0.002284 0.003552 0.002890
2019 55 0.001546 0.003387 0.002426
2019 56 0.001169 0.004018 0.002533
2019 57 0.002314 0.005801 0.003986
2019 58 0.001933 0.005783 0.003786
2019 59 0.002312 0.0065 0.004338
2019 60 0.002768 0.006507 0.004567
2019 61 0.003665 0.007117 0.005325
2019 62 0.002626 0.009298 0.005854
2019 63 0.004166 0.00709 0.005586
2019 64 0.002838 0.008324 0.005499
2019 65 0.004792 0.009083 0.006869
2019 66 0.004757 0.010037 0.007319
2019 67 0.006078 0.010555 0.008251
2019 68 0.00552 0.012354 0.008840
2019 69 0.006244 0.014935 0.010440
2019 70 0.006387 0.017034 0.011477
2019 71 0.007618 0.014925 0.011118
2019 72 0.008833 0.021252 0.014728
2019 73 0.008372 0.02083 0.014116
2019 74 0.010568 0.025141 0.017157
2019 75 0.009668 0.022332 0.015285
2019 76 0.012598 0.027918 0.019242
2019 77 0.012959 0.030532 0.020439
2019 78 0.014734 0.029207 0.020808
2019 79 0.016149 0.035949 0.024378
2019 80 0.019348 0.043545 0.029232
2019 81 0.025223 0.047914 0.034343
2019 82 0.025968 0.053844 0.037075
2019 83 0.030886 0.060523 0.042436
2019 84 0.040094 0.066645 0.050165
2019 85 0.041629 0.081531 0.056258
2019 86 0.051229 0.094974 0.066910
2019 87 0.058273 0.114404 0.077507
2019 88 0.067069 0.124479 0.086091
2019 89 0.079733 0.141483 0.099375
2019 90 0.094763 0.157437 0.113246
2019 91 0.111449 0.166827 0.126935
2019 92 0.134477 0.20057 0.151934
2019 93 0.146772 0.219836 0.164600
2019 94 0.158777 0.241521 0.177229
2019 95 0.184779 0.254228 0.198461
2019 96 0.212017 0.316155 0.230249
2019 97 0.222881 0.322602 0.238591
2019 98 0.273695 0.278537 0.274439
2019 99 0.302107 0.405629 0.316868
2019 100 0.355161 0.423921 0.363715
2020 0 0.001746 0.001669 0.001707
2020 1 0.0 0.000434 0.000222
2020 2 0.0 0.0 0.000000
2020 3 0.000141 0.0 0.000069
2020 4 0.000272 0.0 0.000133
2020 5 0.0 0.0 0.000000
2020 6 0.0 0.0 0.000000
2020 7 0.0 0.0 0.000000
2020 8 0.0 0.0 0.000000
2020 9 0.0 0.0 0.000000
2020 10 0.000126 0.0 0.000062
2020 11 0.000125 0.000241 0.000184
2020 12 0.000125 0.00024 0.000184
2020 13 0.0 0.0 0.000000
2020 14 0.00013 0.000123 0.000127
2020 15 0.0 0.000238 0.000124
2020 16 0.000251 0.000231 0.000240
2020 17 0.0 0.000236 0.000122
2020 18 0.000129 0.000373 0.000253
2020 19 0.0 0.000657 0.000332
2020 20 0.000414 0.001088 0.000753
2020 21 0.0 0.000552 0.000279
2020 22 0.000145 0.000842 0.000499
2020 23 0.000294 0.000857 0.000579
2020 24 0.0 0.000441 0.000223
2020 25 0.0 0.000434 0.000217
2020 26 0.000142 0.001298 0.000716
2020 27 0.000277 0.000424 0.000350
2020 28 0.000408 0.000694 0.000550
2020 29 0.000135 0.000415 0.000273
2020 30 0.00026 0.000269 0.000264
2020 31 0.000122 0.000377 0.000248
2020 32 0.000236 0.000606 0.000419
2020 33 0.000454 0.000348 0.000402
2020 34 0.000437 0.000557 0.000497
2020 35 0.000208 0.000535 0.000369
2020 36 0.00051 0.000833 0.000670
2020 37 0.000305 0.001029 0.000665
2020 38 0.000711 0.000718 0.000714
2020 39 0.000596 0.001007 0.000801
2020 40 0.001254 0.001072 0.001163
2020 41 0.000566 0.000861 0.000713
2020 42 0.000278 0.000747 0.000512
2020 43 0.00082 0.001197 0.001008
2020 44 0.000443 0.001266 0.000851
2020 45 0.000868 0.001494 0.001179
2020 46 0.001189 0.002259 0.001718
2020 47 0.000681 0.001846 0.001255
2020 48 0.000888 0.002097 0.001485
2020 49 0.000742 0.00288 0.001793
2020 50 0.001316 0.003274 0.002270
2020 51 0.001645 0.00325 0.002418
2020 52 0.00115 0.004702 0.002837
2020 53 0.002237 0.002801 0.002504
2020 54 0.000999 0.003278 0.002088
2020 55 0.002026 0.004528 0.003222
2020 56 0.001819 0.004788 0.003236
2020 57 0.001799 0.005014 0.003337
2020 58 0.002938 0.005821 0.004319
2020 59 0.003343 0.004945 0.004114
2020 60 0.002917 0.005332 0.004084
2020 61 0.002525 0.007666 0.004997
2020 62 0.002919 0.006328 0.004556
2020 63 0.003456 0.006427 0.004892
2020 64 0.003228 0.008371 0.005723
2020 65 0.003774 0.008781 0.006198
2020 66 0.003736 0.011325 0.007407
2020 67 0.004262 0.010737 0.007398
2020 68 0.006328 0.012082 0.009118
2020 69 0.005061 0.014923 0.009839
2020 70 0.006673 0.018311 0.012266
2020 71 0.005851 0.01417 0.009811
2020 72 0.007675 0.018619 0.012894
2020 73 0.008186 0.019943 0.013736
2020 74 0.009528 0.021322 0.014926
2020 75 0.010586 0.02335 0.016317
2020 76 0.012184 0.021602 0.016331
2020 77 0.009992 0.031184 0.019104
2020 78 0.014593 0.034253 0.022877
2020 79 0.015433 0.036596 0.024212
2020 80 0.017525 0.041144 0.027210
2020 81 0.01809 0.043289 0.028231
2020 82 0.026574 0.051489 0.036436
2020 83 0.030408 0.057745 0.041108
2020 84 0.034171 0.062055 0.044849
2020 85 0.035843 0.083724 0.053606
2020 86 0.047321 0.088076 0.061875
2020 87 0.058326 0.108472 0.075770
2020 88 0.069704 0.119081 0.086029
2020 89 0.075054 0.139507 0.095641
2020 90 0.08027 0.142068 0.099102
2020 91 0.111211 0.168987 0.127557
2020 92 0.123161 0.201402 0.144081
2020 93 0.139225 0.206272 0.156013
2020 94 0.16154 0.224749 0.176246
2020 95 0.155729 0.241508 0.173671
2020 96 0.194188 0.269554 0.208222
2020 97 0.222646 0.330059 0.240086
2020 98 0.269708 0.38143 0.285964
2020 99 0.283861 0.437494 0.305158
2020 100 0.328756 0.460422 0.345988